0
1
4
6
7
8
9
10
13
15
17
18
20
21
23
25
29
30
31
32
34
35
38
44
47
48
50
52
53
54
57
58
59
61
63
64
65
73
74
75
78
80
81
87
92
93
94
95
100
103
105
107
109
111
112
113
114
118
121
124
127
130
132
134
138
141
143
144
151
153
154
155
157
159
160
161
166
167
168
169
170
177
178
183
184
185
186
187
192
193
196
197
199
200
202
204
205
207
208
212
216
217
218
224
225
227
228
230
232
234
235
236
237
238
239
240
243
246
247
250
253
255
256
258
259
260
261
262
263
264
270
271
272
274
275
280
281
284
286
292
293
297
303
307
308
310
312
315
318
319
320
321
322
323
324
325
326
328
329
331
334
335
337
338
339
341
345
346
347
350
352
353
354
356
359
360
361
364
366
370
371
372
373
376
381
382
383
385
386
389
391
393
396
397
398
401
402
403
404
405
408
412
414
417
418
419
420
421
422
423
424
425
427
429
430
434
435
436
438
444
445
446
449
451
455
457
461
467
471
472
473
477
479
482
483
486
489
490
491
492
494
495
496
500
501
505
507
508
512
514
516
518
521
524
527
528
534
537
539
541
544
545
547
550
553
556
557
560
561
563
564
565
567
570
571
572
573
576
578
581
582
583
585
587
588
591
592
594
595
598
603
604
605
608
611
612
613
616
618
619
620
623
624
628
629
633
634
640
641
642
643
644
648
649
650
651
652
655
656
657
658
660
661
664
665
668
670
671
673
676
683
685
686
688
691
693
698
702
705
706
709
710
715
717
719
720
721
725
726
727
728
729
730
731
733
734
736
738
740
741
742
745
750
753
755
757
760
761
762
763
764
766
768
770
771
772
773
775
777
779
783
788
791
794
802
803
805
807
810
811
812
819
825
828
829
830
831
833
834
840
841
844
845
852
854
855
856
857
858
862
863
865
867
868
869
870
871
873
874
876
880
881
882
886
888
891
893
897
900
901
903
904
907
909
910
913
918
921
923
924
928
930
931
933
934
938
939
940
941
943
944
946
949
950
952
953
957
959
961
963
964
967
968
972
973
978
979
980
982
983
985
986
989
990
991
993
995
996
998
1000
1003
1004
1007
1008
1010
1015
1017
1021
1022
1023
1024
1025
1026
1028
1029
1030
1033
1035
1036
1039
1043
1044
1047
1051
1053
1054
1056
1057
1058
1059
1062
1064
1066
1070
1074
1075
1076
1077
1079
1080
1081
1082
1092
1095
1098
1100
1102
1103
1105
1107
1108
1110
1113
1117
1118
1119
1120
1121
1123
1125
1128
1131
1133
1134
1135
1136
1138
1144
1146
1147
1154
1155
1158
1160
1161
1162
1165
1169
1170
1173
1177
1178
1179
1181
1184
1186
1193
1194
1200
1201
1203
1204
1206
1208
1209
1210
1211
1213
1214
1215
1219
1220
1224
1227
1229
1231
1232
1233
1234
1238
1240
1243
1244
1245
1247
1249
1250
1251
1253
1255
1256
1259
1260
1263
1265
1269
1270
1271
1272
1273
1274
1276
1279
1281
1287
1289
1291
1294
1296
1297
1298
1299
1300
1303
1305
1311
1312
1313
1314
1319
1320
1321
1323
1325
1327
1329
1330
1332
1333
1335
1336
1337
1338
1348
1349
1351
1352
1354
1355
1357
1358
1360
1363
1365
1368
1370
1371
1373
1374
1375
1382
1384
1391
1394
1395
1396
1397
1403
1404
1405
1407
1408
1410
1412
1416
1418
1419
1424
1426
1430
1434
1442
1447
1449
1451
1453
1454
1455
1456
1457
1461
1464
1465
1468
1469
1471
1473
1475
1476
1481
1482
1484
1489
1491
1492
1495
1496
1501
1502
1504
1510
1513
1516
1517
1518
1521
1524
1525
1535
1539
1540
1541
1542
1547
1551
1555
1556
1558
1559
1562
1563
1564
1566
1567
1570
1571
1573
1574
1576
1581
1583
1584
1589
1590
1591
1592
1593
1595
1598
1600
1603
1604
1605
1610
1612
1614
1616
1620
1623
1626
1627
1628
1630
1631
1633
1634
1638
1640
1641
1642
1644
1645
1650
1651
1654
1655
1657
1660
1661
1663
1666
1671
1672
1676
1678
1679
1681
1682
1685
1686
1688
1690
1691
1692
1696
1697
1701
1704
1705
1707
1708
1711
1712
1714
1715
1717
1719
1720
1724
1729
1730
1731
1732
1734
1736
1737
1738
1740
1741
1750
1751
1753
1758
1760
1762
1763
1768
1773
1774
1775
1776
1781
1782
1784
1786
1789
1790
1792
1796
1798
1800
1809
1813
1818
1819
1820
1822
1827
1828
1830
1831
1832
1834
1838
1840
1841
1842
1845
1848
1849
1852
1859
1860
1861
1864
1865
1867
1868
1870
1871
1880
1881
1886
1892
1893
1896
1897
1898
1900
1903
1904
1905
1907
1908
1909
1910
1914
1916
1918
1919
1921
1922
1924
1925
1926
1928
1930
1931
1932
1938
1939
1944
1945
1948
1951
1952
1953
1957
1958
1960
1964
1965
1966
1968
1969
1971
1975
1976
1977
1979
1984
1985
1986
1987
1989
1991
1993
1994
1998
1999
2000
2002
2003
2005
2007
2008
2009
2010
2011
2012
2013
2014
2016
2018
2019
2021
2022
2028
2029
2032
2035
2036
2037
2038
2041
2042
2043
2045
2046
2048
2053
2056
2058
2059
2060
2062
2063
2064
2066
2067
2069
2076
2081
2086
2087
2092
2093
2096
2097
2099
2101
2102
2104
2109
2111
2113
2114
2116
2124
2127
2128
2132
2134
2136
2137
2142
2144
2146
2147
2153
2154
2155
2156
2163
2164
2165
2166
2167
2170
2172
2173
2179
2181
2182
2186
2190
2193
2194
2197
2198
2200
2206
2208
2209
2210
2211
2212
2215
2221
2230
2236
2240
2242
2244
2246
2247
2255
2257
2259
2268
2269
2270
2273
2276
2277
2278
2279
2282
2284
2295
2297
2298
2300
2302
2303
2304
2307
2309
2311
2313
2314
2318
2319
2320
2322
2324
2325
2326
2328
2330
2338
2340
2342
2343
2351
2352
2353
2357
2361
2363
2364
2367
2378
2381
2384
2386
2389
2390
2392
2395
2396
2398
2399
2400
2402
2404
2409
2410
2411
2413
2414
2416
2420
2424
2425
2427
2430
2431
2433
2437
2442
2443
2444
2450
2454
2455
2456
2457
2458
2463
2468
2470
2471
2474
2476
2477
2478
2481
2482
2483
2488
2491
2494
2495
2498
2507
2508
2509
2511
2513
2515
2517
2520
2522
2523
2525
2532
2535
2543
2544
2548
2552
2556
2557
2559
2562
2563
2564
2565
2566
2569
2574
2576
2579
2580
2583
2587
2592
2594
2596
2603
2604
2605
2610
2611
2612
2614
2616
2617
2621
2623
2624
2626
2629
2631
2632
2635
2637
2639
2642
2643
2644
2648
2651
2653
2655
2660
2662
2663
2664
2666
2672
2673
2674
2675
2679
2681
2683
2687
2688
2689
2691
2692
2693
2695
2699
2702
2703
2705
2706
2707
2711
2714
2717
2718
2719
2721
2722
2724
2727
2732
2734
2735
2736
2738
2739
2741
2752
2753
2755
2760
2761
2766
2767
2769
2772
2774
2776
2777
2778
2779
2788
2789
2792
2793
2794
2795
2800
2801
2807
2808
2811
2814
2815
2816
2818
2822
2823
2824
2827
2828
2829
2830
2834
2836
2838
2840
2844
2845
2846
2847
2849
2852
2859
2865
2866
2871
2873
2875
2876
2877
2880
2881
2883
2891
2892
2893
2895
2897
2902
2903
2907
2908
2909
2911
2913
2914
2915
2916
2917
2918
2920
2921
2922
2924
2925
2926
2931
2932
2933
2935
2936
2937
2942
2944
2946
2954
2956
2959
2960
2963
2968
2973
2975
2977
2979
2984
2986
2992
2996
3001
3003
3004
3006
3008
3009
3010
3014
3015
3016
3017
3021
3022
3029
3030
3031
3032
3035
3038
3040
3042
3043
3046
3049
3050
3051
3054
3056
3057
3059
3071
3075
3076
3078
3079
3080
3081
3082
3083
3087
3091
3094
3096
3097
3099
3103
3107
3108
3111
3113
3115
3116
3120
3125
3127
3128
3131
3132
3133
3134
3135
3139
3140
3141
3145
3149
3152
3154
3156
3157
3158
3160
3161
3163
3164
3169
3173
3174
3175
3178
3179
3189
3193
3194
3195
3196
3205
3208
3209
3210
3211
3213
3215
3216
3220
3224
3228
3231
3234
3237
3238
3241
3244
3245
3249
3252
3253
3263
3265
3266
3267
3271
3274
3276
3280
3284
3287
3288
3289
3290
3291
3294
3295
3299
3310
3314
3315
3318
3320
3323
3326
3327
3330
3331
3333
3334
3335
3338
3342
3345
3348
3350
3355
3358
3359
3363
3365
3369
3371
3377
3378
3380
3387
3388
3390
3391
3393
3394
3401
3402
3403
3405
3406
3409
3416
3417
3418
3420
3421
3426
3427
3428
3430
3434
3436
3437
3438
3440
3444
3448
3458
3459
3461
3462
3463
3464
3467
3470
3471
3472
3473
3475
3476
3477
3478
3480
3483
3484
3486
3493
3495
3499
3505
3510
3511
3514
3518
3519
3521
3526
3531
3536
3537
3538
3540
3541
3542
3547
3548
3549
3551
3552
3553
3555
3556
3557
3558
3560
3562
3567
3568
3569
3571
3573
3574
3580
3584
3585
3587
3588
3591
3592
3593
3596
3598
3599
3601
3605
3606
3610
3612
3616
3618
3619
3626
3630
3632
3638
3640
3642
3649
3651
3654
3655
3656
3661
3662
3664
3673
3675
3676
3679
3680
3682
3683
3685
3689
3690
3691
3693
3694
3696
3697
3698
3700
3701
3702
3703
3705
3707
3708
3710
3713
3719
3723
3724
3732
3733
3736
3737
3738
3741
3742
3745
3746
3748
3749
3750
3757
3761
3762
3763
3764
3765
3766
3768
3770
3773
3778
3779
3780
3787
3792
3793
3797
3798
3799
3802
3804
3808
3811
3812
3813
3814
3817
3823
3826
3828
3831
3832
3839
3841
3843
3849
3857
3861
3864
3865
3866
3868
3870
3875
3876
3880
3882
3883
3884
3888
3891
3892
3894
3898
3901
3903
3905
3909
3911
3912
3914
3915
3919
3923
3924
3930
3932
3933
3935
3936
3939
3941
3945
3946
3947
3948
3953
3955
3969
3973
3975
3976
3978
3987
3991
3992
3995
3996
4000
4003
4005
4006
4007
4015
4019
4020
4021
4023
4025
4026
4027
4029
4030
4031
4032
4034
4035
4038
4039
4041
4042
4043
4045
4049
4050
4051
4054
4055
4060
4063
4064
4065
4071
4075
4078
4082
4084
4085
4087
4088
4092
4094
4100
4101
4102
4103
4105
4107
4112
4114
4116
4119
4120
4122
4123
4124
4128
4129
4131
4132
4134
4135
4136
4138
4139
4141
4144
4152
4153
4155
4162
4163
4164
4166
4167
4168
4174
4179
4180
4181
4182
4186
4188
4189
4190
4191
4193
4197
4200
4201
4206
4207
4208
4213
4218
4221
4222
4225
4227
4228
4231
4232
4233
4235
4237
4239
4241
4243
4244
4248
4250
4254
4258
4260
4263
4264
4268
4272
4273
4275
4281
4283
4285
4286
4291
4292
4293
4295
4297
4299
4302
4303
4306
4307
4311
4316
4317
4319
4320
4325
4327
4331
4332
4336
4337
4339
4340
4341
4343
4347
4349
4350
4353
4355
4357
4358
4359
4360
4361
4362
4365
4368
4369
4370
4371
4372
4375
4376
4381
4382
4383
4384
4386
4390
4392
4400
4403
4406
4408
4418
4425
4429
4433
4435
4437
4438
4439
4444
4446
4450
4457
4459
4461
4463
4465
4467
4468
4469
4474
4476
4477
4479
4481
4484
4485
4487
4495
4496
4501
4506
4507
4510
4512
4517
4518
4521
4523
4526
4529
4540
4544
4546
4548
4549
4551
4553
4554
4555
4558
4561
4566
4573
4576
4580
4582
4585
4588
4591
4596
4599
4603
4615
4619
4620
4621
4622
4627
4629
4631
4634
4638
4642
4644
4647
4649
4650
4651
4652
4653
4657
4664
4665
4669
4672
4673
4674
4675
4681
4684
4685
4693
4694
4697
4699
4700
4701
4703
4709
4712
4713
4714
4719
4720
4725
4726
4732
4733
4737
4743
4751
4754
4761
4764
4767
4775
4776
4777
4780
4781
4782
4784
4786
4790
4791
4792
4793
4795
4797
4805
4806
4808
4812
4813
4814
4815
4817
4818
4819
4821
4825
4826
4828
4830
4835
4836
4840
4842
4843
4847
4848
4850
4853
4857
4858
4859
4861
4865
4870
4872
4875
4879
4880
4881
4883
4888
4889
4896
4901
4903
4906
4909
4913
4917
4918
4919
4920
4921
4923
4925
4926
4927
4928
4934
4936
4937
4938
4947
4951
4957
4959
4963
4964
4967
4969
4970
4971
4972
4976
4983
4985
4993
4994
4996
4999
5005
5011
5015
5019
5020
5024
5028
5029
5033
5036
5037
5038
5042
5046
5047
5053
5054
5059
5061
5062
5064
5068
5070
5071
5078
5079
5084
5093
5094
5097
5100
5101
5102
5103
5106
5107
5110
5113
5114
5115
5116
5120
5121
5122
5123
5125
5126
5129
5138
5139
5140
5142
5143
5144
5145
5153
5158
5160
5163
5164
5171
5176
5179
5184
5186
5187
5192
5197
5201
5202
5203
5209
5210
5214
5216
5219
5220
5221
5222
5225
5234
5237
5238
5245
5249
5250
5252
5253
5255
5256
5257
5258
5263
5264
5271
5275
5276
5278
5279
5281
5285
5297
5301
5303
5312
5320
5321
5324
5327
5328
5331
5332
5335
5336
5337
5339
5340
5354
5356
5358
5360
5362
5364
5368
5370
5379
5381
5384
5386
5387
5388
5390
5391
5393
5397
5399
5402
5404
5406
5407
5410
5412
5414
5419
5420
5422
5423
5425
5428
5431
5432
5433
5434
5435
5440
5441
5442
5444
5448
5452
5453
5455
5459
5460
5461
5463
5464
5465
5471
5472
5473
5476
5478
5480
5481
5484
5490
5493
5494
5496
5497
5499
5501
5503
5506
5508
5514
5516
5517
5518
5519
5523
5524
5526
5532
5533
5534
5536
5545
5547
5548
5549
5551
5554
5559
5560
5561
5563
5564
5567
5569
5571
5572
5573
5575
5576
5578
5580
5581
5584
5586
5592
5593
5594
5599
5602
5605
5607
5608
5610
5611
5623
5625
5627
5635
5637
5639
5641
5646
5647
5653
5656
5659
5664
5671
5677
5679
5682
5684
5686
5692
5698
5701
5702
5703
5704
5709
5712
5713
5715
5716
5717
5719
5724
5725
5726
5727
5733
5737
5738
5740
5741
5743
5747
5748
5750
5753
5757
5761
5764
5770
5771
5772
5773
5775
5778
5783
5791
5792
5795
5798
5799
5803
5805
5813
5814
5818
5820
5821
5822
5824
5826
5827
5833
5834
5837
5840
5856
5858
5860
5866
5867
5882
5883
5889
5891
5894
5903
5905
5906
5907
5910
5914
5917
5921
5922
5924
5927
5930
5931
5934
5936
5937
5942
5944
5945
5947
5948
5953
5954
5955
5959
5960
5964
5965
5966
5970
5974
5978
5981
5985
5989
5993
5994
5998
6000
6005
6006
6010
6012
6018
6019
6021
6023
6025
6026
6028
6030
6033
6034
6038
6041
6047
6049
6050
6051
6056
6062
6063
6065
6068
6077
6078
6081
6086
6087
6088
6095
6096
6097
6098
6103
6107
6109
6112
6113
6114
6119
6125
6130
6132
6134
6135
6138
6140
6142
6144
6146
6149
6156
6157
6164
6165
6166
6167
6175
6177
6178
6179
6182
6183
6184
6186
6191
6194
6195
6201
6207
6218
6224
6226
6230
6232
6241
6242
6243
6247
6251
6253
6254
6262
6265
6269
6271
6275
6278
6280
6283
6286
6288
6291
6292
6293
6295
6296
6298
6301
6303
6310
6311
6312
6313
6316
6325
6328
6331
6333
6334
6335
6336
6337
6339
6342
6345
6350
6351
6352
6355
6356
6359
6360
6363
6367
6371
6375
6382
6388
6390
6391
6392
6395
6396
6402
6404
6405
6406
6407
6409
6414
6416
6418
6419
6425
6426
6430
6432
6437
6438
6458
6460
6463
6465
6467
6469
6473
6477
6479
6484
6486
6487
6490
6491
6492
6497
6498
6501
6502
6503
6504
6506
6508
6516
6518
6522
6523
6528
6530
6535
6544
6547
6548
6549
6552
6556
6559
6564
6566
6569
6572
6573
6577
6582
6584
6590
6591
6592
6596
6602
6606
6613
6627
6628
6629
6633
6636
6637
6640
6642
6643
6644
6645
6647
6648
6652
6653
6656
6658
6659
6660
6662
6663
6664
6665
6667
6673
6678
6679
6680
6683
6685
6688
6692
6696
6698
6706
6713
6714
6715
6716
6718
6719
6721
6728
6729
6735
6737
6742
6745
6748
6749
6755
6757
6758
6759
6761
6763
6765
6766
6768
6770
6773
6775
6780
6782
6783
6784
6785
6791
6792
6797
6798
6800
6814
6820
6821
6822
6828
6829
6831
6834
6835
6836
6840
6842
6843
6844
6846
6847
6850
6853
6854
6865
6867
6869
6871
6872
6874
6875
6877
6879
6886
6888
6890
6891
6892
6894
6900
6905
6907
6912
6915
6916
6919
6921
6923
6924
6926
6930
6933
6935
6941
6942
6947
6950
6956
6962
6963
6965
6967
6968
6969
6970
6973
6978
6980
6982
6984
6989
6991
6995
6998
7001
7003
7004
7005
7009
7011
7013
7014
7018
7020
7026
7027
7029
7030
7031
7033
7036
7039
7042
7043
7051
7054
7055
7057
7060
7061
7064
7067
7068
7070
7071
7074
7080
7081
7082
7084
7085
7089
7093
7094
7096
7098
7101
7102
7104
7105
7109
7110
7112
7117
7119
7120
7121
7123
7124
7130
7131
7139
7140
7143
7146
7148
7149
7153
7155
7156
7158
7161
7163
7167
7171
7172
7177
7180
7181
7183
7187
7188
7191
7192
7194
7197
7199
7204
7208
7211
7217
7223
7226
7229
7230
7235
7237
7239
7242
7243
7246
7247
7248
7256
7264
7265
7266
7270
7275
7276
7286
7290
7291
7293
7297
7298
7300
7307
7310
7312
7320
7321
7326
7333
7334
7336
7337
7338
7339
7341
7344
7349
7351
7352
7354
7358
7359
7362
7364
7369
7371
7376
7378
7381
7385
7387
7394
7395
7402
7407
7408
7411
7412
7413
7415
7426
7433
7435
7436
7438
7440
7447
7449
7450
7451
7454
7459
7462
7463
7467
7472
7474
7480
7482
7483
7485
7490
7493
7495
7501
7513
7514
7516
7520
7521
7522
7526
7528
7535
7539
7542
7546
7549
7551
7554
7558
7559
7564
7567
7568
7575
7581
7582
7584
7585
7587
7588
7589
7590
7592
7600
7601
7605
7612
7614
7616
7617
7623
7624
7635
7636
7639
7642
7647
7653
7657
7659
7665
7668
7672
7676
7677
7681
7682
7686
7687
7690
7695
7697
7701
7702
7709
7711
7719
7721
7728
7733
7736
7737
7740
7742
7744
7745
7747
7749
7752
7757
7758
7768
7771
7772
7773
7775
7780
7782
7783
7786
7788
7789
7792
7793
7806
7807
7809
7812
7816
7821
7826
7828
7844
7845
7849
7851
7852
7853
7854
7867
7871
7873
7879
7881
7886
7889
7891
7894
7900
7901
7909
7913
7914
7919
7922
7925
7927
7928
7929
7932
7934
7940
7941
7947
7948
7949
7950
7954
7956
7957
7959
7961
7964
7967
7970
7971
7975
7981
7985
7992
7993
7995
7997
8002
8005
8008
8010
8011
8014
8015
8023
8028
8029
8031
8036
8039
8052
8053
8054
8062
8063
8072
8075
8076
8077
8079
8082
8083
8084
8085
8087
8091
8097
8103
8106
8108
8110
8113
8115
8118
8119
8120
8121
8122
8123
8124
8126
8130
8132
8138
8143
8145
8146
8151
8153
8155
8158
8161
8162
8164
8168
8172
8177
8178
8179
8183
8187
8190
8192
8194
8199
8200
8201
8202
8203
8207
8211
8212
8213
8216
8222
8232
8241
8244
8245
8248
8250
8251
8253
8255
8259
8264
8273
8277
8278
8281
8283
8286
8287
8291
8292
8296
8297
8304
8306
8307
8312
8314
8319
8321
8325
8328
8329
8336
8339
8342
8345
8346
8347
8354
8358
8360
8363
8366
8368
8369
8374
8375
8381
8385
8389
8392
8395
8396
8400
8401
8406
8407
8412
8413
8415
8418
8425
8426
8427
8440
8441
8442
8443
8445
8446
8448
8453
8455
8456
8460
8463
8464
8466
8470
8474
8475
8476
8478
8481
8483
8487
8489
8490
8494
8501
8502
8509
8515
8519
8520
8522
8523
8526
8528
8529
8530
8536
8538
8548
8553
8554
8558
8561
8563
8565
8566
8569
8570
8571
8572
8575
8578
8583
8587
8602
8605
8606
8610
8611
8614
8616
8617
8620
8622
8623
8630
8635
8636
8638
8645
8656
8657
8659
8669
8670
8671
8674
8682
8683
8684
8692
8694
8697
8698
8700
8703
8706
8707
8709
8712
8713
8714
8716
8719
8723
8724
8725
8729
8731
8733
8742
8743
8746
8749
8750
8756
8758
8759
8762
8769
8770
8771
8779
8781
8783
8787
8789
8790
8795
8807
8809
8812
8820
8824
8826
8830
8837
8840
8841
8844
8851
8856
8857
8858
8862
8864
8871
8874
8875
8881
8887
8888
8889
8891
8893
8901
8902
8903
8911
8912
8916
8917
8920
8927
8935
8946
8950
8954
8957
8959
8962
8963
8965
8972
8974
8975
8977
8979
8980
8984
8985
8986
8987
9003
9007
9010
9012
9016
9018
9021
9022
9023
9024
9026
9031
9033
9035
9036
9037
9039
9041
9044
9045
9047
9048
9049
9061
9062
9063
9070
9072
9075
9076
9077
9078
9089
9093
9095
9096
9099
9101
9104
9108
9114
9115
9117
9118
9121
9125
9126
9127
9130
9132
9133
9135
9138
9141
9142
9147
9148
9152
9153
9154
9156
9164
9167
9174
9178
9180
9188
9193
9200
9204
9206
9208
9209
9211
9214
9218
9222
9229
9232
9233
9234
9235
9236
9237
9240
9241
9247
9254
9255
9257
9258
9259
9262
9267
9269
9273
9274
9275
9277
9278
9280
9281
9286
9288
9291
9293
9296
9299
9303
9305
9309
9319
9320
9321
9323
9324
9325
9326
9329
9332
9335
9338
9341
9345
9352
9355
9358
9363
9365
9370
9372
9374
9380
9384
9385
9386
9387
9389
9391
9393
9394
9395
9397
9400
9402
9403
9404
9405
9406
9407
9410
9413
9414
9423
9428
9435
9439
9441
9443
9446
9447
9449
9450
9456
9457
9464
9470
9473
9475
9478
9479
9480
9484
9489
9491
9495
9499
9500
9502
9505
9506
9507
9510
9512
9514
9517
9518
9519
9522
9528
9530
9536
9538
9540
9543
9545
9546
9549
9553
9554
9557
9560
9564
9565
9566
9568
9579
9582
9583
9585
9586
9593
9594
9598
9600
9602
9608
9610
9612
9615
9623
9628
9629
9631
9632
9633
9638
9640
9644
9649
9652
9654
9659
9660
9663
9664
9666
9669
9680
9685
9686
9687
9691
9692
9694
9695
9696
9697
9700
9709
9710
9712
9713
9715
9716
9721
9722
9730
9732
9733
9736
9737
9740
9747
9756
9758
9768
9775
9779
9780
9781
9786
9789
9794
9796
9799
9805
9807
9809
9811
9812
9816
9820
9822
9824
9825
9828
9829
9832
9833
9836
9841
9847
9850
9851
9852
9855
9864
9865
9868
9873
9878
9879
9880
9881
9887
9892
9894
9897
9903
9909
9913
9914
9915
9917
9920
9921
9925
9926
9927
9930
9931
9932
9942
9943
9945
9952
9953
9955
9959
9960
9963
9966
9968
9972
9981
9985
9987
9990
9993
9994
9995
9997
9999
10002
10005
10008
10012
10020
10022
10023
10025
10027
10032
10035
10036
10038
10043
10044
10048
10051
10057
10059
10061
10064
10065
10066
10070
10071
10073
10078
10080
10081
10085
10086
10088
10095
10096
10098
10101
10102
10104
10105
10108
10109
10110
10111
10112
10122
10125
10129
10133
10134
10135
10143
10145
10149
10155
10159
10160
10166
10167
10172
10176
10180
10181
10182
10187
10188
10189
10190
10193
10195
10206
10207
10208
10211
10214
10215
10216
10219
10220
10223
10231
10239
10241
10244
10245
10247
10248
10252
10255
10260
10262
10268
10272
10275
10280
10281
10283
10285
10286
10287
10291
10294
10295
10297
10299
10304
10311
10318
10319
10320
10327
10328
10330
10338
10344
10350
10354
10357
10360
10362
10363
10367
10368
10370
10373
10375
10377
10386
10387
10389
10390
10395
10400
10404
10405
10406
10408
10412
10421
10422
10423
10424
10427
10431
10432
10434
10438
10441
10442
10443
10445
10447
10448
10449
10453
10455
10457
10460
10461
10464
10468
10471
10480
10481
10482
10483
10484
10485
10490
10493
10499
10506
10508
10509
10510
10511
10529
10533
10535
10537
10539
10540
10541
10543
10545
10549
10550
10551
10553
10557
10558
10562
10565
10566
10567
10573
10575
10581
10582
10586
10587
10594
10599
10603
10604
10605
10617
10620
10623
10637
10639
10641
10642
10643
10644
10645
10652
10653
10657
10662
10664
10669
10670
10671
10676
10678
10681
10682
10684
10687
10702
10703
10707
10709
10716
10722
10723
10724
10730
10731
10733
10735
10736
10737
10738
10739
10741
10742
10743
10747
10748
10749
10750
10751
10752
10755
10757
10762
10771
10774
10777
10778
10779
10780
10783
10786
10787
10789
10793
10797
10799
10806
10807
10812
10813
10820
10823
10824
10828
10830
10834
10837
10840
10844
10845
10846
10851
10854
10863
10868
10877
10879
10880
10888
10894
10897
10902
10908
10918
10921
10928
10930
10933
10934
10938
10939
10940
10941
10946
10957
10959
10962
10963
10973
10974
10977
10978
10982
10984
11005
11006
11009
11011
11012
11016
11024
11028
11032
11033
11035
11038
11041
11044
11046
11050
11051
11052
11056
11059
11088
11096
11098
11102
11111
11112
11114
11116
11117
11119
11124
11130
11134
11136
11139
11142
11148
11152
11156
11159
11161
11165
11166
11168
11171
11176
11177
11178
11182
11183
11186
11190
11196
11197
11199
11201
11210
11211
11214
11215
11219
11220
11221
11224
11228
11229
11237
11244
11245
11253
11254
11255
11264
11269
11270
11279
11280
11282
11286
11292
11297
11303
11307
11310
11313
11314
11318
11321
11339
11340
11352
11354
11356
11358
11360
11366
11376
11377
11378
11380
11381
11382
11384
11386
11387
11401
11416
11418
11422
11426
11428
11432
11433
11443
11454
11456
11460
11461
11462
11463
11466
11467
11470
11471
11473
11481
11483
11485
11488
11489
11490
11491
11492
11494
11495
11499
11501
11502
11503
11504
11509
11511
11513
11515
11516
11517
11519
11522
11526
11527
11528
11529
11533
11535
11538
11539
11543
11548
11550
11555
11559
11560
11561
11567
11570
11579
11580
11583
11585
11586
11592
11603
11604
11607
11608
11609
11612
11613
11618
11619
11620
11623
11637
11641
11645
11647
11650
11654
11656
11658
11659
11660
11670
11671
11672
11676
11677
11681
11682
11683
11696
11700
11701
11703
11704
11705
11710
11712
11714
11715
11718
11720
11721
11725
11729
11730
11732
11735
11737
11739
11740
11742
11747
11753
11756
11759
11760
11761
11771
11775
11777
11784
11786
11791
11793
11794
11796
11799
11800
11803
11804
11809
11820
11821
11822
11829
11830
11836
11838
11841
11843
11844
11845
11849
11851
11853
11854
11855
11857
11861
11866
11868
11869
11875
11878
11880
11882
11885
11887
11891
11896
11900
11902
11905
11907
11910
11919
11920
11945
11949
11955
11956
11962
11965
11969
11978
11979
11981
11982
11985
11993
11996
11999
12001
12002
12005
12007
12009
12013
12018
12025
12026
12027
12029
12035
12043
12044
12046
12049
12054
12056
12058
12059
12061
12063
12068
12069
12070
12078
12079
12081
12084
12085
12089
12090
12098
12103
12106
12115
12118
12120
12129
12130
12131
12134
12139
12141
12144
12149
12150
12152
12156
12159
12163
12164
12170
12171
12176
12178
12179
12180
12188
12190
12198
12201
12202
12206
12207
12210
12212
12216
12217
12218
12221
12223
12224
12230
12232
12235
12239
12244
12248
12253
12257
12265
12266
12267
12275
12280
12281
12283
12286
12288
12303
12306
12310
12313
12315
12319
12320
12321
12331
12332
12337
12340
12348
12352
12360
12366
12367
12370
12376
12377
12379
12387
12395
12397
12398
12401
12406
12408
12416
12418
12420
12424
12427
12430
12433
12437
12438
12439
12443
12450
12455
12456
12463
12468
12472
12479
12482
12487
12493
12496
12515
12517
12518
12519
12532
12533
12534
12535
12537
12538
12543
12544
12545
12547
12553
12555
12556
12559
12560
12561
12565
12573
12578
12583
12585
12586
12587
12588
12591
12592
12593
12595
12599
12601
12603
12605
12610
12612
12620
12621
12624
12635
12637
12639
12643
12649
12651
12653
12655
12657
12660
12667
12668
12678
12682
12684
12691
12706
12708
12712
12713
12714
12722
12724
12728
12729
12733
12734
12735
12744
12746
12747
12757
12758
12760
12762
12766
12773
12774
12776
12778
12782
12785
12801
12808
12811
12812
12819
12825
12826
12830
12831
12837
12842
12843
12845
12848
12851
12854
12857
12858
12859
12861
12868
12869
12884
12885
12886
12889
12895
12896
12897
12904
12905
12910
12912
12916
12919
12920
12921
12922
12924
12933
12934
12935
12938
12940
12943
12951
12952
12953
12955
12957
12962
12963
12964
12965
12966
12968
12969
12970
12974
12975
12979
12981
12983
12986
12992
12995
13005
13009
13010
13012
13015
13019
13020
13021
13027
13028
13029
13031
13039
13055
13058
13059
13063
13067
13069
13073
13077
13079
13087
13093
13095
13096
13100
13101
13103
13114
13115
13117
13120
13124
13125
13127
13132
13134
13138
13139
13141
13145
13146
13148
13149
13157
13158
13159
13162
13168
13169
13176
13181
13182
13194
13196
13197
13199
13202
13216
13217
13218
13219
13220
13221
13226
13227
13229
13234
13236
13246
13251
13252
13253
13255
13256
13261
13265
13266
13268
13274
13275
13276
13282
13283
13285
13286
13293
13296
13299
13301
13302
13303
13304
13305
13306
13308
13312
13314
13319
13320
13321
13322
13327
13329
13332
13333
13334
13337
13338
13339
13341
13342
13343
13344
13346
13350
13352
13353
13354
13360
13362
13364
13369
13375
13376
13379
13383
13386
13388
13394
13398
13399
13401
13403
13404
13406
13413
13423
13432
13434
13440
13441
13443
13444
13446
13447
13449
13454
13460
13462
13463
13466
13469
13470
13473
13475
13477
13478
13479
13482
13484
13485
13486
13489
13492
13500
13507
13509
13510
13523
13527
13528
13529
13530
13532
13535
13537
13538
13542
13543
13547
13551
13560
13562
13568
13573
13578
13579
13582
13583
13589
13590
13594
13612
13613
13617
13625
13627
13629
13630
13632
13638
13642
13648
13649
13650
13651
13653
13656
13658
13661
13662
13667
13670
13677
13678
13680
13684
13686
13693
13696
13699
13700
13701
13710
13711
13714
13716
13717
13721
13725
13729
13731
13732
13736
13737
13740
13741
13753
13757
13766
13771
13773
13775
13780
13786
13790
13793
13794
13802
13808
13809
13813
13816
13818
13820
13823
13826
13830
13833
13837
13838
13840
13841
13842
13846
13849
13851
13857
13877
13884
13885
13887
13889
13892
13894
13898
13906
13907
13911
13912
13913
13915
13916
13917
13920
13921
13924
13929
13930
13937
13940
13945
13953
13958
13960
13961
13966
13970
13978
13979
13982
13984
13985
13988
13991
13999
14013
14014
14015
14020
14022
14029
14033
14036
14040
14044
14046
14048
14049
14050
14051
14054
14056
14061
14062
14069
14070
14077
14082
14087
14088
14091
14094
14096
14099
14102
14104
14105
14111
14113
14116
14120
14124
14127
14130
14135
14140
14141
14142
14144
14155
14159
14161
14164
14165
14168
14170
14173
14179
14182
14193
14195
14197
14202
14203
14206
14220
14222
14223
14226
14231
14237
14241
14243
14244
14246
14248
14249
14253
14255
14268
14275
14276
14281
14283
14286
14288
14289
14292
14293
14296
14305
14308
14310
14313
14317
14320
14326
14328
14330
14334
14338
14341
14344
14353
14359
14360
14361
14363
14365
14372
14374
14376
14379
14381
14383
14384
14385
14388
14396
14397
14399
14403
14405
14410
14411
14424
14425
14433
14434
14448
14450
14452
14458
14459
14473
14475
14477
14478
14479
14483
14489
14490
14501
14504
14510
14516
14517
14519
14523
14525
14528
14530
14534
14536
14537
14538
14541
14542
14544
14547
14549
14551
14552
14553
14558
14562
14565
14566
14574
14576
14579
14588
14589
14593
14598
14599
14600
14605
14610
14614
14618
14624
14646
14648
14649
14651
14654
14655
14656
14658
14661
14663
14667
14671
14672
14675
14677
14683
14685
14686
14687
14690
14691
14694
14695
14696
14700
14703
14705
14719
14722
14724
14725
14726
14729
14734
14740
14743
14745
14754
14760
14761
14770
14771
14777
14778
14779
14788
14789
14791
14796
14797
14798
14802
14803
14805
14806
14808
14810
14812
14816
14817
14819
14822
14824
14830
14834
14836
14852
14860
14861
14862
14866
14871
14875
14876
14883
14887
14890
14895
14896
14897
14900
14910
14911
14912
14913
14919
14922
14925
14929
14940
14942
14943
14946
14948
14957
14966
14969
14974
14976
14978
14981
14987
15001
15003
15009
15013
15014
15017
15019
15021
15024
15025
15026
15030
15038
15043
15046
15048
15053
15057
15059
15063
15064
15065
15069
15071
15075
15077
15080
15083
15092
15095
15099
15101
15110
15111
15113
15123
15125
15126
15127
15131
15132
15137
15140
15149
15152
15153
15155
15156
15159
15161
15164
15172
15175
15179
15180
15181
15187
15188
15189
15192
15201
15204
15209
15210
15218
15224
15225
15227
15230
15233
15238
15239
15250
15253
15262
15266
15267
15269
15270
15274
15276
15280
15282
15284
15290
15291
15292
15297
15298
15300
15302
15305
15307
15308
15310
15311
15312
15313
15314
15315
15320
15323
15325
15326
15331
15333
15336
15340
15341
15342
15345
15347
15348
15356
15361
15368
15369
15371
15383
15385
15389
15390
15393
15406
15407
15408
15412
15420
15422
15425
15426
15428
15431
15433
15436
15440
15444
15447
15450
15451
15454
15460
15464
15465
15469
15476
15478
15489
15493
15494
15500
15501
15502
15507
15508
15509
15510
15516
15521
15528
15530
15534
15541
15550
15553
15560
15562
15563
15564
15567
15569
15571
15576
15582
15583
15590
15593
15596
15599
15600
15609
15611
15613
15616
15623
15624
15634
15642
15644
15645
15648
15650
15652
15655
15668
15670
15674
15675
15676
15679
15680
15683
15685
15687
15691
15692
15703
15704
15710
15712
15713
15714
15715
15719
15720
15726
15728
15737
15741
15744
15745
15755
15767
15768
15769
15770
15776
15781
15784
15785
15786
15787
15788
15792
15801
15805
15808
15815
15824
15827
15829
15831
15836
15841
15843
15846
15849
15857
15858
15864
15870
15871
15876
15878
15889
15890
15891
15894
15896
15897
15898
15901
15906
15909
15911
15912
15914
15921
15922
15931
15933
15936
15938
15940
15941
15945
15951
15953
15955
15960
15962
15964
15968
15969
15971
15976
15977
15979
15980
15989
15993
15997
15999
16001
16011
16015
16017
16019
16027
16028
16032
16033
16035
16037
16039
16041
16046
16047
16048
16049
16053
16055
16058
16060
16064
16066
16068
16090
16091
16092
16101
16103
16110
16115
16117
16123
16126
16131
16132
16139
16142
16147
16151
16152
16155
16157
16163
16175
16177
16182
16184
16186
16187
16190
16191
16193
16201
16205
16207
16208
16210
16211
16213
16221
16228
16230
16235
16239
16241
16242
16244
16246
16248
16249
16250
16251
16259
16267
16268
16272
16274
16276
16277
16278
16287
16294
16303
16305
16312
16315
16319
16323
16325
16337
16343
16348
16349
16350
16352
16354
16367
16368
16379
16380
16384
16386
16397
16401
16402
16409
16410
16411
16415
16417
16421
16422
16423
16425
16428
16430
16437
16438
16443
16448
16451
16460
16461
16462
16467
16468
16472
16474
16475
16476
16477
16482
16484
16485
16491
16494
16496
16497
16500
16511
16527
16537
16538
16540
16543
16545
16548
16550
16552
16553
16555
16565
16574
16577
16579
16582
16585
16586
16590
16593
16595
16596
16598
16600
16602
16607
16614
16616
16618
16619
16623
16634
16642
16643
16644
16649
16655
16657
16658
16663
16664
16678
16681
16682
16683
16685
16689
16690
16691
16692
16694
16695
16712
16717
16720
16726
16727
16730
16731
16733
16742
16746
16752
16755
16762
16765
16768
16769
16773
16774
16779
16782
16784
16791
16793
16794
16798
16801
16803
16805
16806
16807
16808
16809
16815
16816
16819
16821
16824
16831
16833
16835
16837
16846
16847
16852
16856
16858
16863
16864
16865
16875
16881
16882
16883
16887
16888
16889
16893
16896
16897
16908
16911
16912
16914
16916
16918
16929
16930
16933
16940
16945
16953
16954
16958
16960
16961
16968
16974
16978
16981
16983
16985
16987
16995
16998
17000
17003
17006
17007
17008
17014
17018
17021
17031
17033
17035
17036
17041
17047
17048
17050
17054
17058
17060
17061
17069
17076
17077
17078
17084
17095
17096
17097
17098
17099
17101
17102
17109
17113
17114
17117
17120
17122
17126
17129
17131
17132
17140
17148
17154
17160
17162
17166
17172
17173
17180
17182
17184
17186
17203
17204
17205
17211
17212
17213
17215
17222
17227
17232
17238
17251
17256
17261
17264
17280
17282
17286
17289
17296
17309
17310
17319
17323
17327
17333
17345
17346
17349
17357
17359
17361
17364
17366
17367
17370
17371
17374
17375
17384
17396
17397
17398
17399
17401
17410
17413
17419
17426
17430
17431
17432
17435
17437
17453
17465
17472
17473
17485
17486
17489
17490
17492
17496
17506
17511
17518
17519
17520
17524
17526
17527
17528
17534
17540
17541
17545
17546
17557
17561
17566
17567
17568
17578
17581
17592
17596
17597
17598
17600
17610
17614
17615
17616
17625
17632
17634
17643
17647
17651
17653
17664
17673
17675
17679
17686
17689
17697
17698
17712
17729
17734
17735
17745
17748
17753
17759
17760
17764
17768
17774
17775
17777
17779
17780
17782
17784
17787
17789
17791
17793
17797
17805
17817
17820
17830
17834
17836
17857
17858
17862
17863
17865
17869
17872
17876
17878
17885
17886
17888
17894
17896
17897
17903
17904
17907
17913
17915
17916
17946
17951
17956
17959
17960
17973
17976
17978
17990
17993
17997
18001
18003
18005
18007
18008
18019
18021
18031
18038
18039
18040
18041
18046
18048
18051
18052
18057
18062
18068
18069
18071
18073
18077
18081
18086
18088
18093
18095
18100
18109
18111
18112
18117
18121
18123
18124
18126
18128
18129
18130
18131
18138
18146
18147
18149
18162
18169
18175
18178
18180
18182
18183
18185
18188
18194
18195
18216
18224
18225
18226
18229
18231
18234
18237
18238
18245
18247
18250
18255
18263
18264
18265
18270
18279
18280
18281
18283
18285
18286
18288
18289
18290
18298
18300
18303
18307
18309
18313
18317
18324
18328
18335
18346
18351
18354
18359
18365
18368
18369
18376
18382
18383
18389
18394
18397
18400
18403
18408
18415
18422
18424
18425
18433
18444
18447
18456
18461
18464
18469
18470
18477
18483
18488
18491
18494
18495
18501
18502
18504
18506
18507
18516
18522
18523
18529
18532
18538
18551
18554
18556
18559
18562
18563
18564
18567
18576
18580
18581
18584
18588
18595
18597
18598
18601
18604
18606
18608
18609
18611
18624
18625
18627
18632
18633
18639
18643
18651
18653
18655
18659
18668
18683
18684
18685
18688
18693
18695
18707
18711
18714
18721
18722
18725
18731
18735
18736
18741
18748
18758
18759
18766
18767
18769
18776
18777
18778
18786
18787
18789
18791
18798
18805
18808
18814
18815
18821
18829
18837
18838
18848
18857
18860
18873
18876
18883
18885
18890
18896
18902
18905
18912
18919
18921
18928
18931
18935
18941
18942
18947
18950
18954
18956
18957
18962
18964
18965
18971
18983
18985
18989
18991
18998
19001
19004
19005
19007
19012
19020
19025
19029
19031
19032
19049
19053
19054
19064
19068
19069
19073
19074
19090
19093
19095
19096
19099
19100
19101
19103
19111
19112
19118
19120
19122
19124
19125
19127
19129
19143
19144
19146
19149
19152
19154
19155
19164
19173
19179
19181
19186
19189
19190
19196
19199
19201
19214
19215
19216
19218
19220
19222
19223
19224
19227
19230
19232
19233
19245
19249
19253
19255
19267
19271
19277
19279
19281
19282
19283
19291
19293
19295
19297
19300
19303
19308
19311
19319
19322
19330
19331
19339
19340
19346
19348
19351
19353
19357
19360
19364
19368
19370
19375
19379
19380
19383
19384
19385
19398
19400
19403
19413
19415
19419
19421
19423
19429
19437
19438
19445
19448
19449
19453
19454
19458
19461
19462
19463
19467
19469
19470
19475
19479
19481
19484
19485
19491
19495
19507
19508
19510
19518
19520
19524
19527
19535
19540
19542
19544
19545
19547
19553
19560
19563
19568
19569
19570
19571
19573
19575
19578
19583
19584
19596
19607
19610
19611
19612
19613
19617
19620
19626
19627
19633
19636
19638
19640
19653
19654
19672
19675
19679
19681
19686
19687
19690
19697
19713
19732
19733
19739
19747
19752
19753
19756
19757
19760
19766
19774
19776
19781
19783
19786
19788
19796
19802
19803
19805
19818
19827
19828
19829
19832
19841
19846
19852
19854
19857
19864
19866
19872
19875
19879
19881
19882
19885
19898
19904
19910
19911
19918
19921
19924
19936
19940
19941
19949
19950
19955
19957
19959
19960
19963
19966
19972
19977
19987
19989
19994
19996
19997
7024
