20
247031 42536
9179564 18731 115575 49852 237280 138423
9648868 200171 125630 67699 168173 168173
243161 90526
9132903 98270 224226 240991 122123 178183
9346292 210956 86350 7100 97498 97498
242441 24655
9858136 163375 24975 111768 2751 167651
9317341 95028 20550 193318 93977 93977
242629 203407
9668923 232239 21940 43183 174628 40396
9475350 124868 240288 62107 58606 58606
241127 168588
9246507 121731 203528 215438 146630 63254
9814679 98655 161764 80283 123882 123882
242521 147928
9661542 218003 81466 46944 9318 61363
9717362 172216 52442 228431 68984 68984
243527 188584
9292884 216946 20321 199575 222331 44021
9737622 176710 194705 241024 646 646
245683 69031
9486746 142273 235109 56177 145789 43644
9459676 113542 187889 138669 154656 154656
243203 218931
9859469 53111 147884 173718 190067 94081
9012576 195828 146644 47153 156770 156770
249497 234868
9498974 181574 20915 231396 114117 39517
9804997 231931 162458 62143 17174 17174
248597 120682
9260232 153103 199960 184801 117500 50631
9312752 72494 53840 89225 215598 215598
5 4
2 2 1 3 1 4
5 1 0 2 3 3
245683 15951
9426988 3857 93164 178627 124136 54532
9470953 240605 31113 119895 219657 219657
244301 208232
9020682 208498 243070 85798 9401 83005
9832418 20943 5046 102565 243071 243071
3 1
4 0 2 2 2 2
2 1 2 1 0 0
241117 169385
9413239 115767 128460 1272 186701 212710
9467045 53059 99627 221053 207211 207211
245719 138913
9281573 122901 158466 144574 174855 230074
9036640 36370 182636 234349 10119 10119
243809 123255
9883748 204902 78612 101297 155637 137746
9545268 226730 9123 232382 66097 66097
244043 64223
9670898 150627 115036 3938 234022 2673
9539299 149064 169558 59334 77692 77692
246167 140831
9077343 19451 51491 175075 169042 68682
9331620 120234 236082 50842 206967 206967