132019
110
999
11111111111
25114
1111111111 
3333333333
181292321118743131219236834956616923925
61247812412412123124579127212412435689
17982356971569127835698361292735617253786123786356159612634513257896128935618263
91253942735679263798126356239175735123123621561235621891231231289329845123895893912943129491253945129543951293459125912534912359145912123591256
9125394273567124124121241266251212047128436215612356218912312312893298451238958939129431294912539451295439512934591259125349123591459121235912561451111111111
181292321118743131219236834956616923925
61247812412412123124579127212412435689
179823569715691278356983612927356172537861237863561359612634513257896128935618263
555555555555888888888888888888888333333333333333333399999999999999111111111111133333333333333355555555555577
202020202020202020
110110110110110110
89898989898989898
21212121212167676767676769998882011111
222221111111111122222222111111111120
111011101110110
3333333333333333333333333333333333333333333333333333333333333366666666666666666666666666666666666666666666666111111111111111111111111111111116666666666666666666666666666222222222222222222222
1
2
10
20
66
89
0