10000
7 98
1 37
5 21
2 91
5 53
7 73
2 2
7 25
2 21
3 68
8 11
6 26
7 73
1 2
3 48
3 65
2 35
9 74
9 99
7 65
9 58
1 96
8 92
5 68
8 72
4 47
6 33
1 37
6 6
3 34
1 22
7 70
6 25
8 22
10 23
6 26
1 89
8 94
7 26
7 41
7 56
10 70
8 32
8 51
3 99
10 17
9 63
9 73
3 8
6 63
4 23
9 87
5 87
10 61
6 45
5 43
6 70
7 75
7 87
1 26
1 83
8 40
8 79
8 7
3 28
5 100
9 75
9 6
9 55
5 95
8 67
5 28
8 11
9 39
1 97
9 45
3 50
5 68
10 22
9 48
7 81
9 40
10 74
9 92
5 8
2 26
4 59
4 39
7 64
3 81
6 63
2 88
10 44
8 38
9 62
3 69
1 78
10 77
4 41
10 50
7 20
4 38
10 17
1 99
1 94
2 32
10 92
1 72
8 29
10 71
1 17
10 2
5 45
4 43
9 41
4 64
6 80
7 61
1 15
5 33
6 67
7 25
10 77
3 49
1 28
2 35
3 22
1 69
2 49
3 77
8 40
5 3
1 14
3 28
5 96
10 11
3 36
10 25
3 75
5 48
5 59
9 62
9 42
9 23
5 61
3 22
4 42
1 3
5 62
5 48
1 28
2 40
4 25
8 32
1 7
7 75
4 86
7 96
6 13
4 14
5 64
3 50
1 74
3 30
1 72
4 66
2 96
5 64
4 93
8 54
2 16
1 97
9 94
6 63
1 53
7 61
1 76
7 29
5 69
4 3
1 83
4 95
2 16
5 61
8 54
10 87
5 41
5 3
2 51
2 91
5 45
9 12
9 13
3 36
2 65
4 3
2 5
2 30
10 3
1 67
7 4
3 95
5 36
9 47
2 19
10 5
5 2
5 62
1 73
3 17
1 24
10 58
2 2
5 89
6 5
9 89
2 8
3 87
8 35
8 39
3 61
9 63
7 14
8 23
10 25
7 26
7 100
3 78
7 48
7 62
7 54
1 9
7 84
7 0
2 82
9 33
1 94
3 46
5 43
4 71
1 67
9 31
8 84
8 58
10 37
5 68
2 29
3 2
9 68
9 92
4 86
9 68
7 30
6 54
6 44
4 43
9 66
1 50
2 45
1 49
9 28
7 2
4 99
2 4
9 53
3 69
3 92
8 68
3 22
3 50
3 39
7 4
5 88
9 63
2 33
2 11
8 2
7 88
2 3
4 85
7 94
1 88
8 33
1 8
6 82
8 9
7 2
1 61
9 71
9 27
10 58
8 56
10 16
5 12
2 45
1 28
2 92
9 94
9 24
9 77
6 45
8 45
1 33
6 44
5 42
8 30
7 52
9 79
10 97
8 70
6 36
9 39
10 69
9 14
9 60
6 34
2 51
3 50
2 89
4 14
1 64
10 30
3 63
3 4
8 6
2 7
6 95
4 18
9 19
10 78
10 24
5 17
6 70
3 32
7 85
7 91
4 26
10 51
7 78
10 44
10 54
8 7
5 65
2 67
6 62
6 40
8 84
8 38
1 47
10 41
10 65
2 65
4 40
3 30
1 41
4 64
5 82
1 10
6 82
8 22
1 13
5 55
1 28
1 40
5 40
2 80
3 100
9 80
3 8
6 95
1 53
1 88
2 0
9 8
1 100
7 34
3 93
3 13
2 100
2 52
7 90
4 39
1 73
1 77
4 79
9 3
2 2
6 46
2 76
3 12
5 30
9 92
5 83
6 27
3 73
3 48
2 51
7 4
6 27
6 55
10 10
8 79
4 35
8 54
2 5
9 87
4 25
2 58
7 93
5 20
7 49
8 1
5 0
5 59
8 30
2 9
4 93
5 76
5 92
7 94
9 43
6 60
2 4
7 19
9 63
2 38
10 53
4 50
4 82
10 10
5 59
7 98
3 96
9 1
2 81
7 5
6 5
4 43
2 48
3 5
1 15
2 95
6 26
4 40
2 66
6 14
10 52
9 0
2 32
5 18
7 15
9 9
6 66
6 74
2 35
5 64
7 34
6 79
7 21
9 43
2 15
1 12
8 63
10 54
8 48
6 31
6 91
10 35
8 45
1 65
7 97
3 5
8 45
5 93
9 57
2 48
5 7
6 25
2 84
9 44
8 15
7 46
10 75
8 23
6 20
8 37
9 48
8 17
7 60
2 10
8 66
1 25
10 16
8 37
8 77
8 94
10 11
2 44
6 14
4 55
1 59
7 13
1 12
5 92
4 85
10 90
8 51
2 97
2 92
6 91
6 53
3 35
6 49
4 19
5 84
1 50
10 64
7 23
7 69
9 44
7 13
6 14
2 72
6 11
8 20
3 40
9 15
6 71
3 8
2 100
10 35
1 26
7 60
9 52
2 44
7 36
10 92
10 28
7 96
2 95
6 74
1 89
6 51
6 68
10 50
1 91
5 81
7 87
5 70
4 34
1 27
5 33
7 83
10 0
8 73
3 1
4 3
1 88
5 94
5 87
8 59
3 19
8 11
6 1
9 19
10 10
3 92
9 72
8 8
3 78
1 95
10 82
2 46
2 46
2 16
10 85
1 13
7 46
3 17
7 35
7 89
9 85
3 88
7 45
10 58
6 74
4 68
1 44
3 1
6 61
6 79
3 98
4 88
2 52
8 89
4 76
7 66
1 92
1 7
1 77
3 39
7 0
4 65
6 66
8 49
4 30
10 60
2 29
4 53
6 22
8 24
2 52
8 93
5 10
10 90
9 80
7 95
10 67
2 39
10 64
5 50
2 35
5 41
5 88
1 92
1 43
6 26
1 81
1 95
8 78
9 67
7 17
7 79
9 56
4 6
5 66
9 12
9 45
4 4
9 93
1 13
4 58
10 13
10 1
1 61
7 12
8 31
3 63
5 85
5 98
8 42
4 69
9 27
7 90
1 61
3 54
8 88
4 24
8 33
8 42
9 77
4 84
4 58
7 9
7 22
4 63
9 62
9 0
2 63
2 92
3 61
1 97
6 73
4 35
3 99
9 93
1 32
1 65
4 62
4 79
1 78
6 16
3 49
5 78
1 31
10 88
2 58
3 50
8 78
5 91
5 90
5 34
3 10
4 85
8 5
1 25
10 7
7 23
8 85
8 99
9 36
1 55
4 73
9 4
7 2
7 52
8 97
7 49
10 24
2 77
2 99
2 44
4 39
2 30
1 97
1 21
9 51
6 74
6 53
4 81
3 33
6 92
7 97
3 38
2 60
1 82
5 53
6 57
8 57
8 55
4 62
1 48
10 42
8 89
8 60
8 90
8 83
6 28
9 48
9 74
10 74
4 11
10 2
4 74
8 68
4 38
4 51
4 94
10 69
2 35
1 59
7 67
2 19
10 81
9 95
7 42
3 97
9 75
8 86
10 7
7 64
3 32
9 69
10 74
9 10
7 74
8 21
7 26
5 94
10 65
7 64
9 25
4 61
3 11
9 51
7 10
3 77
2 19
3 21
1 93
7 4
1 58
1 17
10 5
3 0
2 87
10 18
6 67
3 38
2 6
9 53
8 83
8 83
5 49
7 31
2 26
7 80
4 80
9 92
6 65
2 86
8 89
3 90
2 63
8 81
5 63
2 57
2 55
4 48
9 74
1 99
10 10
9 100
6 8
6 17
2 90
4 33
6 44
6 82
8 14
8 9
8 65
3 22
10 88
8 4
3 96
5 70
7 44
5 84
8 31
6 42
8 87
3 26
5 51
6 45
2 87
4 79
3 43
6 19
10 54
7 36
10 29
4 18
9 44
3 59
6 99
8 87
1 96
5 93
1 71
4 30
3 51
8 85
2 86
2 27
3 18
6 99
3 67
9 50
1 33
6 13
3 62
10 27
9 10
9 85
5 72
8 0
10 36
7 61
6 22
1 14
1 40
10 31
2 33
5 13
6 13
1 9
6 8
6 79
6 59
1 96
4 15
4 76
6 10
2 80
5 88
3 14
1 78
3 66
4 64
3 73
1 87
5 33
9 36
10 76
7 29
10 72
8 81
9 1
6 5
8 66
3 95
3 36
10 15
10 15
3 30
7 43
1 45
6 66
9 4
8 28
9 53
6 17
2 0
9 23
10 95
4 23
5 90
1 58
8 96
9 10
1 9
6 91
3 2
5 72
2 93
1 90
9 23
2 43
7 65
7 50
4 86
6 48
3 15
3 2
4 18
4 29
9 39
9 77
9 3
10 72
6 21
10 83
1 90
10 40
8 71
2 53
10 26
7 85
2 7
8 46
8 22
1 45
8 19
5 69
5 50
3 15
1 76
2 35
6 55
3 93
3 88
10 6
5 50
7 57
7 46
8 13
9 88
9 76
1 9
7 41
3 22
4 33
6 61
8 64
2 87
1 70
8 12
1 92
5 12
4 15
3 98
7 22
5 23
5 3
10 100
4 34
9 15
6 75
6 9
10 61
9 0
4 80
6 33
8 50
1 89
8 1
3 25
5 8
6 68
10 57
10 30
10 12
3 15
6 43
2 46
9 50
4 10
4 7
1 69
6 33
2 81
7 76
7 49
7 78
2 21
10 38
7 9
8 30
9 98
10 24
3 11
8 78
1 81
7 66
2 35
10 22
8 50
4 100
2 29
7 54
2 8
5 82
7 88
1 22
5 58
8 93
8 39
7 8
5 60
8 67
4 26
10 60
5 30
10 1
2 35
5 55
6 33
5 47
5 48
6 12
5 2
7 80
6 1
1 47
10 88
5 97
6 23
10 0
7 21
1 91
9 72
6 29
3 92
8 95
6 35
4 100
5 65
7 54
2 84
5 7
4 3
9 67
8 65
10 51
6 29
3 68
9 81
6 68
6 42
10 34
6 76
7 1
8 18
10 70
7 53
5 33
9 29
1 44
4 34
4 50
4 91
2 12
8 94
1 21
4 23
4 42
6 92
5 98
5 15
1 81
3 57
6 90
3 79
4 12
6 88
4 100
8 4
8 91
8 67
4 76
6 98
2 55
9 62
8 68
3 7
10 79
7 35
3 60
6 12
6 23
9 32
2 58
1 89
1 29
10 32
3 61
7 63
1 74
2 71
3 93
5 84
10 60
10 87
10 75
3 51
1 41
6 40
4 82
7 80
4 46
5 57
10 37
2 92
1 12
2 8
6 68
6 90
4 44
3 35
6 52
8 98
3 5
2 45
7 67
9 87
1 71
6 35
6 66
4 37
8 35
10 69
10 83
8 6
6 19
4 37
9 24
6 70
9 45
1 28
1 22
9 57
2 80
1 10
10 76
10 47
4 9
4 83
2 78
4 62
4 0
7 38
4 97
3 96
4 48
8 3
7 91
7 62
7 41
7 43
1 96
6 76
5 32
9 44
1 29
1 4
5 94
4 16
1 13
10 50
10 32
2 27
10 86
3 24
9 99
2 64
4 27
6 3
7 30
5 43
9 19
3 70
8 50
7 51
7 20
7 85
1 67
9 29
10 92
7 68
4 76
2 27
8 23
3 52
3 72
7 48
7 60
3 43
10 74
4 27
6 79
3 20
5 27
9 31
3 45
3 96
1 43
1 61
3 45
8 84
1 100
5 97
10 92
7 36
4 33
6 27
7 88
3 24
5 68
9 19
9 33
6 77
1 76
6 72
3 87
3 15
5 45
9 43
3 38
7 20
2 55
6 89
6 86
6 38
3 94
1 79
2 24
9 66
4 36
7 18
3 93
8 1
6 88
5 61
2 93
7 0
9 12
9 75
8 63
8 60
1 8
3 66
4 27
8 1
5 57
8 46
6 63
2 49
10 88
8 85
9 45
5 49
2 96
4 19
7 2
6 87
8 50
7 23
7 78
9 62
6 47
2 11
3 50
2 34
10 59
8 13
7 14
2 54
4 26
9 65
10 47
2 90
2 55
2 22
8 37
2 17
1 83
5 93
2 85
4 67
4 20
2 83
10 73
5 42
5 88
6 95
5 78
4 39
4 54
2 52
1 94
6 13
3 37
7 85
10 48
10 38
9 77
9 61
5 15
4 0
3 89
3 32
6 44
4 98
5 86
3 8
1 69
1 79
3 18
5 69
8 40
3 22
7 66
6 91
2 42
4 99
6 67
10 17
1 90
6 76
7 64
10 91
2 0
10 83
8 17
9 73
4 56
9 56
8 68
10 12
7 24
6 52
3 56
10 69
5 44
4 67
6 28
3 19
10 52
2 35
1 66
7 78
7 36
1 3
7 67
7 50
7 22
2 7
9 43
3 38
9 52
5 8
6 29
1 5
4 68
3 9
4 20
6 9
7 6
4 96
10 98
8 40
10 63
2 58
2 87
8 27
1 8
3 14
9 0
9 75
10 45
7 83
9 1
6 58
7 82
9 43
2 26
10 47
4 32
1 35
6 71
6 87
10 23
2 10
9 20
10 56
5 36
3 0
8 57
7 86
5 9
9 89
10 83
3 90
6 98
8 97
6 30
3 68
8 52
4 39
2 59
7 84
5 45
1 52
6 35
6 64
4 26
1 75
5 54
10 66
6 42
7 35
6 18
6 41
5 82
2 28
7 69
9 4
8 98
2 29
9 27
1 71
9 41
2 71
3 5
9 89
2 56
8 90
3 13
6 92
1 100
2 60
2 56
9 33
8 56
9 88
3 95
1 82
10 90
4 38
4 32
9 8
8 63
2 69
6 22
4 62
5 29
6 43
2 8
6 68
1 40
10 95
5 94
5 54
3 21
8 90
10 57
3 85
1 20
4 47
2 36
6 74
2 62
10 79
2 47
5 11
8 94
8 79
6 36
10 52
7 99
3 7
1 5
1 42
10 55
1 92
8 8
2 31
3 78
8 66
6 26
4 5
10 76
2 44
7 37
3 15
2 35
9 12
3 54
6 16
4 78
5 37
7 58
4 75
7 37
3 34
4 92
3 33
4 66
3 79
3 68
7 9
8 9
10 16
2 99
6 25
8 81
4 67
2 100
10 64
3 3
6 82
5 100
2 68
10 32
7 36
1 1
1 66
7 62
2 2
1 60
9 30
7 68
4 13
4 50
6 48
7 63
8 17
3 54
4 24
3 67
8 84
10 78
5 27
5 99
9 28
5 88
8 58
5 19
3 20
3 81
7 26
8 67
5 84
9 57
8 3
4 3
5 66
7 70
2 77
10 3
1 89
5 1
2 25
5 63
9 66
5 27
1 94
3 87
3 64
7 49
6 91
5 59
10 79
3 63
8 71
3 84
9 12
2 62
10 43
6 91
5 37
10 48
5 86
3 32
2 26
10 51
8 68
1 88
5 38
10 77
3 67
3 2
9 14
5 66
2 72
5 63
5 38
2 1
10 30
3 10
8 72
6 84
2 32
6 79
6 90
10 86
3 11
2 47
4 29
9 32
2 31
1 13
6 72
4 50
10 63
2 27
10 51
8 93
2 72
5 52
9 16
2 58
1 76
6 14
1 79
7 9
1 85
5 74
10 22
1 70
3 38
5 77
3 73
8 68
6 57
9 94
9 66
1 7
10 80
10 98
9 21
8 65
9 74
7 77
6 39
8 74
4 3
5 43
7 84
1 44
9 34
2 5
10 50
10 2
9 99
1 43
10 46
10 79
2 97
10 2
3 74
3 4
10 7
2 21
3 5
6 65
5 26
8 49
5 82
6 6
1 27
10 7
8 55
5 88
6 87
5 87
7 11
4 41
9 33
3 16
7 29
9 20
1 60
9 76
6 39
7 46
9 25
3 51
1 51
10 36
6 29
1 26
2 36
9 11
2 40
2 74
5 56
9 82
8 58
10 19
3 96
9 44
10 67
4 31
4 43
5 37
1 97
2 31
8 74
8 51
9 39
8 68
3 30
8 1
9 4
2 48
1 95
1 51
9 59
7 90
10 70
5 2
9 75
5 91
7 4
4 77
9 82
9 85
9 44
5 36
2 74
5 97
8 97
9 95
2 71
7 76
4 88
10 90
5 52
8 75
8 94
5 53
1 89
7 87
7 77
8 29
9 49
4 98
6 34
9 87
2 19
4 95
10 99
7 17
9 63
1 10
2 29
7 78
8 80
1 82
2 42
2 18
9 0
1 71
4 34
1 42
9 37
9 43
8 76
7 78
10 12
6 25
9 89
8 7
1 15
6 93
8 6
9 46
6 43
2 50
8 96
6 55
10 100
6 74
2 50
8 1
4 22
5 9
1 96
8 60
7 91
5 2
3 10
2 27
4 59
4 39
8 6
7 79
1 58
10 73
9 9
10 18
4 36
6 75
3 39
7 32
10 81
4 47
4 93
2 65
5 1
7 20
4 24
10 52
8 21
8 89
4 0
9 69
5 0
1 68
2 26
1 77
2 16
4 84
8 26
10 34
4 52
2 30
10 67
3 1
8 83
3 96
3 67
10 46
2 89
8 81
9 59
1 95
1 93
2 83
1 68
7 81
1 84
1 21
3 2
2 32
2 17
10 65
1 32
6 75
9 91
6 62
5 29
4 69
2 63
9 99
10 80
3 88
4 2
1 16
3 47
6 58
8 58
5 69
3 50
3 2
3 11
7 32
9 32
9 59
6 22
4 60
9 71
1 94
4 47
6 86
5 71
10 80
7 70
2 42
4 78
6 22
2 45
6 85
7 23
8 17
3 2
7 3
4 33
4 84
5 9
5 49
9 88
9 72
10 40
8 40
2 67
9 32
3 31
1 16
9 89
5 64
2 58
7 7
8 91
1 60
9 68
7 55
8 67
9 48
5 96
3 8
10 76
4 54
6 45
5 98
8 58
8 34
7 71
9 63
7 94
9 58
5 35
4 41
4 99
5 25
3 24
7 73
10 67
10 83
3 17
1 100
7 53
2 4
9 39
4 80
2 88
5 36
7 36
9 77
2 71
10 75
6 81
8 77
9 20
2 51
1 13
2 91
3 21
1 52
10 66
9 6
3 65
5 7
4 8
9 11
3 38
1 53
6 20
6 19
1 56
10 89
6 19
10 37
9 40
3 17
6 98
7 56
2 47
9 40
4 15
2 62
8 75
4 61
10 97
7 87
8 96
1 43
2 70
2 6
8 57
7 4
5 47
2 89
4 88
1 72
10 81
6 16
2 72
3 22
2 91
9 71
1 8
3 64
6 19
6 16
8 84
6 3
3 62
7 9
5 95
4 52
1 72
4 61
3 68
9 36
4 36
9 19
9 43
2 79
3 40
7 50
7 1
4 67
8 5
6 65
4 97
1 0
6 73
1 49
10 97
3 93
8 8
1 97
1 25
2 4
9 16
8 84
7 29
6 68
6 43
2 94
5 94
1 5
8 99
4 61
7 86
6 87
3 100
7 44
4 40
1 2
6 40
7 51
9 79
2 57
6 75
10 33
1 66
10 49
3 11
6 95
7 35
4 57
8 66
2 21
1 77
4 76
6 23
10 79
2 24
3 92
1 52
8 83
8 23
1 79
7 94
5 40
9 37
10 6
6 27
2 76
10 98
3 54
6 81
2 26
10 62
1 5
9 49
10 10
3 87
1 53
2 42
1 41
8 15
6 77
4 25
3 54
4 35
10 100
4 19
5 83
3 98
2 65
7 29
4 76
9 83
5 69
8 80
5 12
5 44
6 6
1 59
9 16
5 89
5 11
1 27
2 20
9 32
1 17
9 91
1 43
4 48
8 92
1 12
10 22
1 68
2 53
10 8
2 27
8 23
3 66
3 59
5 84
9 24
5 66
1 69
9 67
6 47
8 42
10 78
6 97
10 45
7 44
8 48
8 23
10 1
6 23
3 33
2 55
2 91
10 71
2 77
6 38
8 66
5 76
4 39
5 80
8 42
5 50
1 94
8 41
3 89
6 11
5 14
7 35
10 8
2 5
7 34
7 17
10 53
3 67
9 58
1 81
1 12
1 64
6 46
2 2
5 50
7 51
2 71
1 16
10 81
3 7
4 53
5 78
2 93
8 96
5 88
1 34
2 52
6 29
7 74
3 39
2 48
1 51
6 1
4 5
2 57
6 2
6 57
2 7
3 15
7 2
10 15
5 65
6 57
9 14
9 3
2 48
6 60
7 61
7 65
7 21
10 5
3 77
8 63
6 10
8 61
9 70
1 53
9 16
10 60
9 32
4 71
2 89
4 73
7 57
6 21
2 4
1 1
4 55
10 71
1 41
7 66
3 19
2 31
4 70
2 4
7 30
3 99
7 31
1 61
10 97
2 36
7 60
9 34
3 55
2 49
10 19
8 6
6 4
8 71
3 48
10 88
8 14
7 65
2 44
1 35
2 19
5 19
7 84
9 59
10 31
8 85
6 31
4 52
3 52
6 29
10 62
3 59
10 77
6 30
7 99
7 54
6 33
8 60
6 5
2 20
8 88
5 57
9 62
2 75
2 77
8 59
8 14
7 1
7 28
1 53
7 30
3 8
2 72
6 42
9 45
1 63
7 13
4 90
8 64
6 28
3 35
8 10
3 99
10 62
5 2
5 45
4 40
8 80
9 50
6 68
5 55
10 7
2 90
7 47
10 27
4 81
4 56
4 95
10 49
4 96
2 91
1 94
5 99
5 34
4 22
3 26
7 11
8 86
1 41
9 23
2 47
2 54
5 24
1 10
10 63
10 62
6 43
9 67
4 54
10 59
9 64
3 75
3 30
8 27
4 13
3 57
6 98
2 75
2 84
4 99
3 53
10 59
10 18
4 47
7 15
10 33
5 48
10 22
6 31
6 45
8 64
10 18
1 90
9 72
8 10
6 59
2 42
6 16
5 1
1 40
4 89
6 55
2 69
4 99
5 66
4 57
9 24
5 28
2 32
3 60
9 91
5 3
1 58
10 57
3 13
4 81
1 2
7 5
5 1
5 79
5 51
7 53
7 92
5 48
10 71
6 5
8 2
9 10
6 55
7 24
6 99
5 5
5 61
2 12
7 71
2 37
6 23
2 79
7 41
8 18
9 100
2 70
8 63
8 52
6 80
7 63
2 64
8 85
1 72
4 55
3 56
3 82
3 39
7 43
8 71
3 81
10 28
1 86
1 38
10 80
4 79
1 85
10 0
5 76
9 39
2 98
5 44
4 5
3 40
2 48
1 63
9 7
10 61
1 28
4 58
4 5
10 67
5 84
8 70
5 70
6 29
6 51
4 23
8 27
3 36
1 63
1 53
3 77
6 0
7 55
3 13
4 66
7 70
10 24
8 44
4 71
4 41
9 21
2 20
5 89
10 98
5 28
5 68
8 73
3 26
7 6
3 99
9 60
7 19
10 72
7 76
2 70
7 40
6 65
8 91
6 21
8 81
7 73
1 46
6 54
9 74
10 13
2 15
6 2
2 40
8 51
5 39
8 93
2 6
8 82
2 78
8 7
2 66
2 58
7 65
1 81
5 55
9 39
3 21
5 94
8 62
7 57
7 46
2 57
10 39
10 52
8 100
7 30
3 80
8 29
7 75
1 10
9 4
1 7
10 77
5 91
6 51
9 32
7 13
8 38
1 12
5 17
6 7
5 75
3 61
10 64
10 68
4 78
9 81
4 83
3 0
8 3
9 20
1 46
6 75
9 73
1 12
10 73
6 25
3 95
4 99
6 11
6 7
2 97
8 71
1 80
4 22
6 55
1 75
4 18
2 24
4 10
1 49
3 21
8 87
1 65
5 12
10 47
8 74
4 52
1 49
3 68
7 100
8 70
8 44
3 94
8 35
3 38
3 82
7 47
2 76
6 91
2 6
6 8
10 1
6 57
8 19
2 56
7 50
5 59
5 94
4 40
3 13
3 27
3 26
10 39
7 20
3 70
7 50
3 11
6 89
4 16
1 77
10 32
10 45
10 60
3 81
1 60
1 72
3 61
4 90
10 75
8 6
2 26
9 57
4 70
6 74
9 12
3 63
4 58
6 48
2 79
7 1
9 86
7 65
5 2
1 97
9 51
5 62
3 74
5 75
2 26
5 73
10 12
2 99
1 97
4 39
5 93
2 91
10 46
4 39
4 50
2 44
10 17
3 37
9 43
1 20
3 38
10 83
10 14
10 36
5 50
4 43
1 71
9 14
6 18
8 89
6 70
2 28
10 58
4 13
9 5
2 79
5 50
9 88
4 23
9 97
3 25
8 49
8 77
1 82
10 89
6 81
2 80
9 0
10 53
4 99
2 52
10 70
2 14
8 17
4 85
4 63
5 68
6 96
1 43
4 48
7 69
10 34
2 65
7 18
10 8
4 51
9 91
7 7
3 7
6 0
10 72
7 30
1 85
9 58
10 73
8 88
4 80
1 3
7 8
9 51
9 18
7 73
4 0
7 43
3 91
6 80
8 3
7 77
7 80
5 43
2 21
8 17
5 39
8 56
9 79
5 15
1 86
1 12
4 93
10 32
1 59
1 66
8 74
9 20
6 6
1 71
9 66
1 40
3 38
9 55
10 5
3 2
7 38
1 58
8 17
3 71
9 74
5 75
9 33
2 7
7 1
2 93
5 45
4 38
6 84
1 77
5 32
2 60
6 78
10 26
6 48
6 89
7 35
8 85
3 16
3 17
7 43
3 49
5 88
5 90
2 86
10 32
6 62
1 46
1 90
4 91
7 16
6 94
7 25
2 66
3 72
9 22
9 67
5 94
10 67
5 48
3 40
4 19
8 3
5 46
10 44
3 28
4 96
1 75
6 80
6 28
1 93
3 81
8 79
9 5
5 91
2 46
10 72
8 62
4 12
3 31
10 77
6 63
3 89
10 93
2 88
6 51
10 40
3 96
1 75
3 46
3 81
3 6
5 2
8 3
7 20
6 56
2 45
2 58
4 39
8 24
4 44
8 99
2 37
4 28
10 26
2 87
8 1
4 99
4 75
6 52
8 3
3 94
3 23
6 19
10 90
6 81
7 26
4 87
7 39
9 7
4 78
4 84
3 6
2 54
3 37
2 19
6 60
4 71
3 95
4 48
6 95
1 22
9 77
7 14
10 97
2 80
1 11
5 9
6 68
1 7
4 26
4 46
2 35
6 12
8 59
2 30
4 26
2 29
8 30
1 13
7 69
4 11
7 84
5 34
5 40
9 78
6 50
4 60
9 46
7 81
6 40
1 100
6 98
3 96
5 53
1 58
7 48
6 59
10 61
1 83
6 78
6 85
6 34
8 19
6 95
5 77
1 55
1 19
4 10
10 2
2 36
8 22
8 41
1 12
8 7
2 97
3 71
1 9
8 86
2 2
4 31
1 20
3 34
3 77
8 8
5 76
8 50
9 91
6 53
7 25
10 50
3 99
4 44
1 73
10 26
5 86
8 22
7 49
6 9
10 63
8 39
2 100
1 33
9 91
10 82
4 17
2 32
2 1
4 56
7 40
9 66
1 95
4 40
8 15
8 33
3 41
1 26
6 63
5 97
8 62
3 60
2 86
2 81
7 65
5 1
5 59
5 26
5 13
3 0
5 94
6 90
2 83
9 6
1 74
1 89
5 50
9 24
9 4
4 45
8 69
6 57
9 69
5 100
2 92
6 55
10 17
9 24
9 99
3 48
5 46
1 30
9 40
5 1
2 91
1 91
1 62
8 23
3 7
4 39
8 43
3 57
5 93
8 19
3 50
3 1
8 74
9 8
10 51
7 67
1 3
4 63
10 57
9 16
9 12
4 91
6 84
5 82
3 59
2 9
6 8
10 25
10 49
6 15
5 27
1 15
3 52
7 58
6 55
1 36
7 72
10 56
7 1
10 23
5 34
2 42
3 18
5 21
1 51
8 32
3 98
6 65
1 31
10 70
1 51
10 43
10 23
10 33
7 55
9 0
4 2
9 49
10 1
7 32
6 94
3 76
6 93
10 63
9 59
9 57
3 10
6 86
7 36
6 18
5 1
3 87
2 80
10 25
6 66
4 93
7 18
1 22
7 70
10 9
9 20
5 5
4 71
2 8
10 5
10 57
10 37
6 80
2 26
2 83
5 7
3 95
4 44
10 66
7 85
2 1
5 78
1 5
4 80
4 10
6 13
10 28
6 5
4 92
4 96
6 49
2 26
4 28
10 45
9 32
1 44
7 71
6 57
9 26
3 52
6 85
1 56
1 87
7 19
6 83
6 88
10 35
1 37
7 92
5 78
8 51
3 17
7 77
2 10
1 13
2 92
3 94
6 93
6 89
10 99
10 58
9 35
6 63
4 45
1 94
8 60
7 88
2 38
9 93
2 54
5 57
7 96
9 89
5 31
2 76
4 4
8 89
4 18
5 98
4 92
10 10
8 66
7 53
9 3
3 89
2 60
6 51
4 73
7 56
8 30
3 99
1 27
1 58
7 28
1 52
6 74
3 50
9 94
10 22
5 19
9 29
9 58
7 44
7 53
7 49
2 80
9 8
10 76
3 4
1 30
10 9
1 8
1 33
2 6
6 55
8 47
1 73
8 39
9 71
7 73
9 20
5 33
9 11
9 90
10 89
1 88
8 4
10 63
1 48
3 99
6 4
6 28
6 12
6 36
10 25
2 97
9 11
10 61
3 48
7 20
1 48
3 63
10 98
8 3
6 88
10 89
7 73
4 78
2 34
10 90
7 56
5 9
9 36
7 72
1 65
5 89
4 92
7 83
9 0
10 11
7 95
2 96
7 93
3 24
7 45
10 41
3 95
9 22
1 97
5 11
7 28
9 49
9 57
9 48
9 36
8 72
5 84
2 60
1 19
5 86
5 97
2 9
3 28
3 23
4 17
9 87
2 32
7 50
10 90
4 17
8 59
3 94
3 29
7 45
8 69
1 41
9 90
3 38
3 58
10 45
8 73
7 2
8 39
4 87
2 4
10 92
2 95
2 52
9 12
7 52
2 62
10 63
3 97
6 55
7 73
7 91
5 26
5 100
1 8
2 48
4 51
2 81
8 41
2 55
5 34
5 88
2 65
10 64
10 97
10 96
8 21
4 99
2 22
6 59
1 82
10 69
3 36
6 100
7 64
9 26
7 22
8 80
1 46
9 62
10 52
10 49
1 44
3 57
2 19
2 7
4 37
1 65
6 71
7 97
5 6
8 48
10 90
9 68
6 15
1 46
10 51
9 26
4 36
3 58
1 31
10 78
1 73
10 40
8 76
1 64
9 9
9 87
4 99
2 58
3 82
6 27
6 47
9 57
10 19
8 50
3 71
9 35
7 15
8 31
1 26
6 22
6 1
7 78
2 96
2 60
9 66
6 28
3 71
10 74
8 100
6 86
2 25
7 1
8 10
5 16
6 91
8 100
5 7
10 1
3 13
6 0
4 22
8 16
8 15
3 94
6 98
7 28
2 65
1 46
8 25
1 57
7 19
3 8
7 14
8 93
7 100
2 31
7 40
8 17
4 82
9 89
9 9
7 26
1 41
5 72
1 73
10 88
7 46
7 33
1 43
5 39
10 32
1 32
2 37
9 55
9 92
3 49
5 30
1 84
7 12
7 81
1 20
2 67
1 23
3 63
5 61
4 56
9 81
9 46
9 38
2 32
9 36
7 69
5 6
6 65
5 42
6 82
3 10
7 56
6 17
5 41
1 43
1 63
7 30
2 100
3 69
3 63
1 77
3 53
3 74
2 35
8 36
7 16
7 12
7 99
2 1
3 18
9 59
8 79
10 42
6 54
6 52
1 68
8 78
8 52
1 65
2 38
6 62
7 93
2 28
1 58
9 3
10 69
8 16
7 4
7 1
8 73
2 47
6 99
10 83
9 49
8 61
10 12
1 84
1 46
10 17
5 16
5 96
7 100
4 3
7 85
4 92
10 5
3 89
2 0
10 75
9 40
9 13
5 68
7 51
9 35
4 41
5 15
8 96
8 36
3 48
3 9
1 82
7 39
1 93
5 31
2 66
7 0
1 2
5 44
10 16
5 19
8 75
4 28
6 91
5 54
1 69
6 85
3 91
3 31
5 3
7 5
1 95
7 81
7 40
6 48
8 80
9 10
9 97
8 28
8 48
3 37
5 43
4 78
6 89
10 39
1 16
10 63
4 11
5 28
8 23
3 100
7 17
10 100
5 49
8 32
10 26
7 75
10 60
7 18
8 2
2 16
9 8
2 67
3 44
9 85
7 98
2 0
10 29
2 5
8 60
1 15
10 82
3 19
5 88
7 0
10 36
7 73
3 31
6 67
8 62
1 88
1 94
9 39
9 74
9 26
2 89
7 11
6 99
1 4
5 22
4 72
9 2
7 30
5 29
9 27
1 48
1 13
5 16
9 63
4 6
5 5
2 63
7 88
10 13
4 85
4 13
5 37
5 32
9 80
9 52
10 1
1 99
4 27
5 41
8 78
1 38
9 56
1 14
10 42
9 81
2 69
4 76
3 51
7 47
7 62
5 9
9 62
1 46
7 8
10 27
4 63
1 50
7 99
10 69
5 98
10 46
10 75
2 34
5 78
10 19
4 50
2 17
6 83
6 64
9 71
5 77
1 80
10 26
2 63
1 45
3 67
10 67
10 48
2 15
5 62
4 1
6 37
6 100
3 20
5 4
2 2
5 90
10 88
3 34
3 38
9 32
7 47
2 82
7 38
9 20
6 56
8 61
3 72
4 32
6 30
10 44
8 19
10 90
5 64
6 11
7 98
8 63
10 50
10 98
8 51
3 67
10 7
1 54
9 91
10 52
3 9
10 56
7 85
2 38
10 96
4 80
6 72
7 16
2 35
1 19
5 76
3 11
6 71
4 9
1 11
4 81
6 72
5 19
3 82
3 81
3 79
3 83
2 90
3 77
1 39
7 21
1 14
6 42
3 75
9 9
7 95
2 28
9 12
5 50
10 2
3 97
6 53
2 91
9 67
8 97
2 28
9 47
10 48
5 63
10 34
6 35
3 94
10 41
5 77
5 93
2 41
1 47
7 33
10 33
3 96
4 72
2 56
4 35
9 63
7 87
9 68
10 92
10 28
8 98
6 6
10 90
7 88
7 94
7 91
7 55
4 16
1 5
5 87
8 77
4 66
5 78
8 94
3 89
4 23
3 86
9 60
1 56
6 73
7 16
6 15
2 47
4 73
3 97
3 59
2 6
9 95
4 25
6 90
4 76
3 24
9 13
9 98
4 92
6 84
9 89
9 92
10 52
7 87
2 67
9 51
3 20
10 6
2 23
4 10
2 39
3 5
7 91
10 61
6 91
10 82
10 5
10 33
2 33
8 47
8 70
9 2
6 1
5 8
10 33
4 31
4 86
3 61
2 32
7 63
10 64
2 47
1 67
4 7
7 65
7 25
7 90
4 9
10 69
10 78
10 2
10 49
9 79
1 84
1 100
3 14
5 65
4 28
8 97
3 67
1 69
10 90
4 58
1 88
2 25
10 79
2 63
8 50
1 87
9 23
4 95
7 92
3 56
2 59
6 16
9 71
4 89
6 51
6 84
8 34
8 10
4 95
1 85
8 30
5 57
4 16
3 5
7 87
7 0
1 76
2 5
6 16
6 42
9 26
7 3
6 29
8 5
8 15
7 10
9 67
9 96
7 100
2 82
1 20
6 98
3 49
10 79
1 96
9 7
9 64
2 19
3 99
1 72
6 46
1 27
2 56
2 40
8 91
10 13
4 52
2 79
6 26
5 47
8 78
4 95
1 18
8 56
3 73
4 43
2 97
5 19
2 34
10 74
9 14
7 89
1 21
3 67
9 61
9 61
7 21
4 91
6 20
4 59
1 22
1 93
10 10
1 63
4 67
10 27
7 99
5 42
10 53
9 21
9 16
6 42
8 72
6 95
9 68
3 7
4 53
4 10
1 23
1 0
6 76
7 31
1 6
7 74
4 58
1 21
7 59
6 75
9 96
9 15
1 54
10 68
2 77
10 39
9 83
1 55
3 60
8 60
10 84
7 45
7 56
4 76
6 65
9 15
3 3
5 12
1 29
8 11
8 85
8 95
3 40
2 70
3 51
8 79
5 13
9 17
10 35
5 84
8 40
9 9
2 58
3 85
1 51
9 90
10 70
2 23
7 39
5 35
7 48
5 92
3 13
3 78
5 77
9 21
8 96
4 76
5 8
6 19
8 77
3 73
6 27
3 16
2 33
10 40
1 75
4 55
4 19
8 50
3 35
3 77
2 59
3 43
10 34
9 3
5 87
5 92
9 22
4 90
1 77
4 32
5 1
9 34
9 53
1 54
1 43
2 89
10 65
10 90
5 69
6 40
1 50
1 14
6 43
3 65
4 20
5 81
5 61
1 15
5 5
4 92
2 12
8 1
3 15
5 53
6 84
8 100
3 38
7 1
5 64
9 43
7 4
1 70
1 56
4 44
1 65
7 54
2 60
6 76
2 1
3 81
2 58
5 67
5 28
9 87
6 52
6 93
3 39
10 15
4 12
10 45
4 9
4 31
3 51
4 12
1 3
10 51
2 90
3 66
1 25
7 33
6 58
9 70
8 24
8 92
4 34
5 96
1 80
6 94
1 66
3 100
2 3
8 71
10 62
10 1
5 64
10 68
5 13
6 42
8 17
9 2
6 90
2 66
7 95
4 24
10 77
10 15
8 21
8 100
5 46
1 12
7 86
6 69
9 70
5 21
7 39
6 92
7 18
6 18
3 59
7 19
8 84
4 73
9 68
5 3
9 48
4 32
2 95
8 16
7 31
1 93
3 98
5 25
9 51
7 14
6 15
7 48
8 46
1 46
2 42
7 27
8 67
10 32
6 48
10 19
2 94
10 4
7 7
6 34
1 28
5 59
5 89
4 63
10 38
3 35
10 17
8 97
6 26
7 4
9 44
8 88
5 56
2 24
5 82
10 68
1 93
8 83
1 78
2 58
4 64
7 85
8 17
9 54
10 53
3 9
1 26
2 26
9 25
8 98
4 70
7 100
7 64
5 82
5 47
1 31
7 100
8 77
3 29
6 66
6 81
4 91
4 84
3 92
6 93
1 40
4 44
9 79
5 11
9 18
1 93
9 79
7 57
10 12
6 27
4 13
3 91
5 66
10 56
4 83
5 34
10 81
2 47
2 38
3 47
7 28
2 57
3 100
5 44
5 2
1 93
8 10
3 25
4 35
9 5
8 24
2 93
6 54
9 84
7 79
2 23
7 56
8 31
1 96
10 62
7 11
8 41
2 11
7 42
10 19
5 20
9 24
8 89
5 91
1 10
2 92
4 7
8 34
5 59
2 5
8 7
1 98
6 17
8 52
3 17
6 96
5 13
10 44
6 20
10 38
6 63
7 15
6 77
4 50
2 25
9 42
6 29
10 91
3 31
5 74
9 51
9 48
8 31
10 14
3 23
9 48
4 47
3 20
6 90
10 42
3 13
2 9
4 46
2 86
3 66
3 17
3 42
9 38
1 94
4 52
8 12
7 74
5 75
1 84
3 88
6 4
5 2
7 4
9 91
5 89
4 53
5 100
2 18
2 32
7 32
9 27
3 32
3 83
3 84
10 65
4 56
9 30
10 15
10 55
10 96
8 99
10 46
5 48
3 4
7 100
7 14
1 36
9 76
9 27
3 18
2 3
4 39
2 21
9 30
3 33
9 65
4 83
6 97
9 11
5 24
3 93
4 58
2 16
7 77
1 29
6 73
10 83
5 24
6 41
3 15
1 37
6 45
6 33
5 23
4 23
3 19
7 93
3 42
10 45
2 0
8 20
10 2
9 99
10 94
1 97
4 93
1 2
10 0
3 74
7 57
9 96
10 42
6 47
9 19
9 31
4 78
6 48
10 46
2 93
2 55
4 15
9 48
5 70
8 20
8 49
1 78
2 100
3 19
8 69
6 57
2 34
9 47
3 74
10 96
9 82
4 85
8 68
7 72
10 6
1 53
8 24
9 43
3 51
9 84
7 20
1 72
8 42
9 67
7 9
2 6
10 52
1 53
8 8
2 100
6 59
10 77
10 61
10 95
2 3
5 54
5 1
10 13
6 49
9 61
4 15
6 45
9 27
2 53
8 80
5 66
1 57
2 38
4 45
6 57
7 63
2 86
6 96
6 40
7 0
9 37
10 24
1 43
8 16
1 16
7 18
4 84
6 36
9 72
5 40
10 12
9 52
2 13
9 77
7 58
5 50
8 74
3 81
7 84
7 68
1 90
3 73
1 58
6 73
10 7
5 49
10 58
3 0
7 0
7 90
10 1
3 16
2 51
8 73
5 49
3 78
4 0
2 42
2 0
9 35
4 70
1 57
10 34
9 68
4 61
10 12
1 82
9 73
3 31
3 47
8 37
9 81
2 35
5 15
8 100
5 23
4 19
5 9
4 61
7 15
8 60
5 71
3 73
6 5
5 49
10 23
4 69
8 62
7 35
6 10
1 63
8 18
9 43
5 61
10 40
1 48
4 38
3 14
8 79
3 66
5 42
1 36
10 69
7 51
4 77
4 76
6 67
5 52
6 27
7 24
4 31
3 23
6 42
7 13
9 72
7 8
10 68
9 89
6 30
3 15
6 32
5 3
2 11
2 77
4 68
5 49
8 45
8 61
6 59
3 46
4 47
7 30
5 100
5 75
5 49
6 57
9 57
4 56
1 23
5 15
2 66
4 65
10 34
5 44
8 12
6 25
1 61
6 18
4 31
9 12
4 17
2 59
3 5
9 74
8 93
1 3
9 16
3 62
1 90
4 69
8 38
2 29
2 56
3 63
4 41
5 41
5 60
4 36
7 71
2 93
7 97
10 44
6 36
3 49
1 13
3 28
1 84
10 49
10 75
3 75
4 32
6 57
9 61
9 96
2 91
10 90
7 47
8 0
1 71
5 37
10 21
3 50
10 94
4 51
4 16
5 64
8 95
3 23
9 23
2 54
4 5
3 69
5 28
8 21
6 80
5 83
5 65
2 5
1 24
4 38
8 51
6 15
5 40
2 99
9 94
2 57
1 87
7 57
7 26
8 62
8 32
1 62
8 94
2 52
8 64
1 89
4 20
6 44
6 80
3 0
4 13
8 4
3 89
10 37
8 0
8 41
3 47
6 29
10 50
2 30
5 27
7 10
9 68
6 58
3 85
8 78
10 97
1 90
10 84
3 6
10 48
1 75
9 82
4 10
7 57
2 10
3 100
8 7
6 13
3 66
10 97
3 57
7 52
10 50
2 85
10 31
2 16
3 46
10 82
2 100
2 73
5 62
10 33
6 22
2 19
9 50
3 15
7 92
2 5
8 38
5 99
1 12
5 95
2 36
9 78
7 29
9 21
1 25
10 1
4 31
3 73
2 30
4 15
10 85
1 77
5 69
9 27
8 27
10 47
7 30
6 18
3 18
8 17
6 67
6 9
6 91
3 24
6 57
5 19
2 3
5 3
9 9
3 14
2 4
4 61
1 72
9 66
10 91
2 37
9 13
6 79
6 1
9 16
2 91
3 33
5 37
1 25
4 23
3 3
6 32
10 37
1 25
8 43
8 56
2 11
10 3
5 55
4 41
8 28
5 76
5 99
10 23
5 7
3 20
2 39
1 54
6 61
4 59
8 42
3 17
3 53
7 89
9 83
1 86
2 94
3 16
4 88
5 31
5 41
7 44
5 97
7 60
3 13
5 86
10 65
1 65
1 12
3 95
10 64
7 85
5 2
7 9
8 10
2 40
9 25
9 90
8 39
4 56
8 41
6 15
8 8
9 53
3 35
3 24
8 15
8 85
7 73
9 5
9 65
5 80
5 14
10 45
5 49
4 65
6 69
10 32
3 79
6 41
6 48
10 86
1 41
5 86
7 89
1 22
7 73
2 18
10 26
1 74
10 96
10 49
8 2
8 1
2 31
9 47
10 80
8 94
9 0
8 3
7 0
8 15
8 1
10 58
4 27
8 15
2 71
3 75
1 52
8 51
8 26
4 93
5 18
10 66
5 41
2 63
6 35
4 95
4 45
3 4
10 64
2 3
9 67
10 30
5 16
7 20
9 90
1 57
5 24
3 90
4 81
7 9
3 48
3 85
8 78
5 30
7 80
4 63
1 35
6 35
4 81
7 41
9 72
2 23
2 52
4 81
9 12
8 5
5 5
4 80
1 95
3 57
4 46
9 45
2 90
7 4
6 84
7 12
5 18
8 19
2 61
6 97
3 73
9 67
6 16
7 92
4 98
10 7
4 22
5 22
8 52
5 98
7 40
5 91
1 41
4 42
2 11
2 9
5 35
4 3
1 98
10 77
5 14
3 58
3 10
4 37
8 82
6 38
7 81
3 83
3 64
7 20
4 76
9 6
4 36
2 17
7 11
3 12
7 66
5 48
8 85
10 2
10 33
9 71
7 53
7 36
3 93
7 39
4 46
2 46
1 50
4 19
10 86
7 68
1 72
7 55
4 37
6 37
5 84
6 68
3 85
4 22
10 18
7 20
10 34
2 95
4 2
3 90
3 34
6 56
2 97
8 83
5 6
9 89
4 81
2 37
2 36
1 61
8 21
5 19
4 35
3 14
7 9
10 96
4 40
1 72
5 96
4 74
2 33
3 49
2 55
2 48
8 25
8 34
5 89
4 87
6 22
5 12
5 52
9 21
3 14
3 21
10 100
9 60
3 61
1 86
10 25
7 31
4 80
1 71
6 28
6 78
1 29
2 72
3 42
9 91
2 64
9 58
7 8
7 20
1 49
9 62
10 41
3 12
3 40
1 11
6 50
5 0
8 43
3 20
2 99
3 95
1 62
4 5
2 44
2 8
1 79
4 5
4 1
4 46
8 95
8 53
9 64
1 15
3 49
6 24
6 98
8 48
1 52
10 47
2 24
3 47
8 71
8 31
1 6
7 3
10 35
4 68
4 1
5 36
6 34
3 68
7 79
6 73
2 14
8 70
1 60
1 92
4 9
10 93
2 83
2 12
9 27
1 30
3 95
2 32
4 56
3 7
6 48
8 59
5 77
7 49
10 16
4 72
5 13
9 90
1 47
2 15
7 62
2 0
1 77
7 78
2 25
4 22
9 34
10 73
1 5
4 16
9 37
9 32
6 62
6 78
9 94
6 13
10 24
8 98
1 47
10 9
2 79
1 41
4 79
9 59
2 0
2 42
5 83
2 16
2 59
6 2
10 52
1 4
4 36
7 38
2 5
7 6
5 100
2 35
7 32
3 93
4 10
2 61
5 32
6 15
2 70
4 82
7 82
7 79
4 38
1 55
2 31
1 54
10 54
10 1
3 39
4 22
1 71
3 69
3 94
8 21
1 77
1 46
8 26
10 36
7 51
10 27
3 53
2 45
10 3
4 29
2 74
3 34
3 35
6 12
3 48
8 9
6 78
7 94
10 54
2 65
2 59
1 9
10 32
3 51
2 0
9 72
1 10
6 8
4 53
6 13
4 56
4 25
1 98
10 15
6 8
9 97
2 8
3 44
7 26
4 90
10 20
7 6
4 60
3 32
4 85
9 92
3 46
1 29
8 84
3 55
10 33
6 34
4 66
2 44
3 8
1 84
2 19
4 37
9 41
2 99
3 0
10 88
7 19
4 74
1 0
2 67
4 30
1 24
2 66
9 91
6 26
5 41
7 65
8 80
9 99
10 94
4 38
5 97
2 99
1 37
3 15
9 14
4 74
10 33
2 47
7 61
10 58
2 96
10 51
2 47
8 33
6 90
2 99
9 16
9 63
7 74
5 7
5 3
3 94
9 23
8 28
3 16
3 74
1 7
10 4
4 56
9 17
4 62
9 9
8 100
5 15
7 57
1 2
6 46
5 22
3 17
2 11
2 30
6 11
4 91
8 59
1 86
2 45
6 47
8 58
1 41
9 58
2 2
2 44
4 56
6 25
7 90
3 23
10 30
9 70
2 24
3 100
6 94
8 10
4 5
2 88
5 65
9 50
9 17
6 72
4 17
9 8
3 59
9 8
4 55
5 35
1 55
4 94
7 12
2 88
1 36
2 9
9 13
7 18
10 78
8 97
7 2
3 58
10 53
7 95
8 78
9 75
5 5
8 30
6 82
4 74
1 22
1 10
4 50
5 42
3 7
7 62
6 76
1 77
3 67
7 4
1 71
8 3
8 98
5 58
4 58
2 53
1 38
8 61
7 0
6 41
2 7
10 95
9 97
5 72
3 31
5 9
4 60
3 60
6 24
9 64
6 19
2 19
10 1
2 33
8 35
4 99
4 73
7 27
9 13
10 55
9 36
9 70
8 91
9 34
1 79
2 24
6 78
2 53
6 34
8 26
2 31
2 52
4 82
9 86
7 17
7 2
5 60
8 11
9 41
8 3
6 51
10 49
3 51
5 95
3 5
3 9
3 76
4 88
2 71
8 52
7 4
9 78
4 5
5 75
7 51
10 55
5 53
1 42
10 88
4 26
8 36
7 59
8 44
3 18
1 27
7 40
5 84
8 58
4 83
3 32
3 63
8 56
3 81
6 79
1 63
1 98
2 43
1 9
9 95
3 12
4 78
4 30
3 22
9 7
6 93
5 90
8 76
10 3
10 29
8 26
1 19
5 34
10 58
7 36
5 31
5 18
3 20
10 93
10 51
6 26
7 39
4 87
7 15
2 28
9 46
2 69
10 88
8 12
4 67
4 42
9 72
4 22
7 97
4 40
3 12
4 53
5 69
6 52
9 63
9 80
10 42
1 95
2 11
1 88
9 70
8 20
4 5
9 82
1 67
5 8
9 15
2 66
10 20
10 47
7 55
7 74
10 49
10 13
3 94
2 8
5 19
8 16
5 17
10 86
10 49
2 55
7 52
9 72
7 35
1 26
6 81
3 77
1 42
1 77
1 35
5 41
3 78
4 89
3 13
10 82
6 16
10 22
8 13
8 37
5 68
9 11
10 41
1 11
10 71
10 81
3 39
10 34
9 10
8 57
5 82
4 45
3 28
7 47
8 55
6 91
9 66
7 9
2 74
3 35
10 76
3 1
2 62
10 39
2 1
6 48
2 32
7 35
9 6
6 50
10 5
9 30
6 25
9 30
2 35
9 60
1 88
9 4
1 11
9 100
6 72
1 95
2 88
4 4
4 81
10 65
3 25
3 57
5 44
1 87
3 57
1 6
1 54
2 87
2 8
4 85
3 30
9 25
4 16
6 44
4 17
2 25
4 1
1 31
3 93
6 3
7 17
5 34
9 51
1 89
1 43
6 84
7 28
3 73
7 8
10 93
8 83
2 28
6 88
4 81
7 36
4 26
6 90
4 87
9 28
2 74
2 32
4 43
10 38
6 55
6 67
2 3
2 21
10 8
2 81
6 66
1 42
8 11
7 95
7 15
10 5
5 78
6 37
1 68
8 84
10 93
7 97
1 98
3 9
4 49
10 10
3 69
10 41
1 99
9 10
4 28
10 55
9 98
10 85
3 76
6 60
8 94
1 22
5 87
1 76
4 58
3 45
9 34
7 68
9 87
7 89
3 89
4 16
7 50
2 25
8 100
8 81
1 27
9 85
7 41
6 2
1 23
6 72
10 83
5 38
5 23
1 34
8 15
1 46
7 26
3 54
10 59
6 91
7 36
7 28
1 1
5 68
2 56
6 70
3 54
6 44
6 74
8 6
9 67
1 30
9 40
5 67
9 4
10 87
4 6
3 29
9 91
7 24
9 19
8 57
3 83
1 41
6 37
8 82
10 48
3 93
2 97
1 50
4 79
8 62
8 99
6 58
9 28
4 24
9 28
4 49
8 15
4 1
3 43
1 57
5 41
9 68
7 55
1 7
3 38
4 85
10 99
4 25
2 27
10 24
3 30
2 79
7 58
8 75
8 35
6 32
10 9
6 50
5 65
10 85
8 80
1 71
10 92
1 54
7 80
2 20
6 42
2 31
7 74
7 86
4 56
9 99
6 20
4 80
4 66
2 50
9 2
10 84
9 41
1 12
7 51
9 16
5 42
1 85
7 18
5 82
1 79
1 39
5 46
2 41
9 36
5 54
4 19
4 24
4 15
2 34
8 55
1 32
4 91
8 7
6 35
10 32
1 7
2 90
7 44
4 20
7 31
5 23
6 55
4 34
8 95
8 56
6 49
7 97
5 42
4 37
6 63
10 62
10 99
1 61
4 53
2 45
7 97
4 77
1 66
2 56
4 22
2 82
8 89
2 19
6 68
8 16
10 17
6 88
9 76
3 31
3 100
5 99
4 27
1 63
1 11
5 78
8 90
8 89
8 94
7 18
5 15
3 0
6 30
4 26
4 64
10 39
10 61
10 27
8 70
2 16
6 31
10 90
2 57
5 18
5 8
8 86
9 83
4 76
6 9
10 53
6 44
4 40
10 99
4 28
6 96
6 54
5 63
7 12
4 70
2 28
2 29
3 17
3 25
10 33
10 78
6 21
9 84
4 56
3 78
9 27
2 76
2 58
10 12
3 83
10 23
7 83
8 36
10 39
1 5
6 4
6 30
3 8
1 99
7 48
10 34
8 1
10 82
6 92
6 18
10 10
7 94
9 49
7 4
2 95
6 80
4 54
10 39
8 60
10 92
6 9
3 18
7 50
10 11
2 68
9 86
4 33
3 77
6 68
5 18
7 47
1 68
9 34
7 2
9 17
4 57
10 25
9 82
5 19
9 93
8 80
1 61
6 27
10 83
9 17
1 52
7 94
6 68
6 7
10 66
6 24
8 45
1 28
9 80
5 85
4 89
1 77
5 49
7 54
7 50
5 6
3 48
2 64
2 33
2 55
4 62
2 7
2 71
1 48
6 43
10 48
3 27
1 26
1 1
6 88
7 95
10 14
3 72
8 17
4 89
4 92
6 5
4 47
2 91
9 89
2 10
10 31
5 10
3 76
8 71
9 7
10 69
8 81
4 10
9 28
7 78
1 100
6 49
9 89
9 81
5 7
1 46
2 76
9 86
8 47
7 30
8 86
2 8
3 91
7 87
1 18
2 89
9 20
5 46
7 21
9 80
4 57
6 35
4 59
7 78
3 47
2 80
4 46
3 92
3 35
1 73
4 7
4 46
1 1
5 59
8 65
5 10
6 98
1 33
2 59
4 26
2 93
7 51
3 33
5 71
7 81
5 60
2 53
3 69
2 73
5 51
9 88
3 83
6 11
2 41
3 21
6 83
10 54
3 42
8 13
4 25
9 47
7 71
8 87
7 58
4 37
6 20
4 64
2 34
3 60
9 50
9 17
1 2
6 30
2 57
8 91
4 33
4 16
1 93
7 97
5 47
4 77
5 28
4 72
10 5
9 36
5 25
6 3
1 58
8 75
5 87
3 26
5 9
6 75
8 34
5 26
8 73
10 59
6 55
2 40
3 83
9 38
8 7
1 3
4 40
7 94
6 8
5 30
5 59
2 47
7 84
1 31
9 95
4 92
4 46
10 36
3 37
4 65
4 83
9 68
6 1
4 12
7 56
1 72
6 23
1 59
7 90
3 44
10 38
2 89
7 3
1 12
4 38
6 1
10 81
6 43
2 45
10 71
6 20
1 10
2 65
8 46
3 54
1 56
2 50
6 56
1 56
1 81
7 85
5 64
10 69
5 27
8 49
4 40
4 5
9 58
9 98
8 60
7 20
7 72
6 88
6 29
8 99
3 11
8 53
6 40
9 61
10 88
4 74
2 4
10 81
3 96
6 79
4 5
7 90
8 3
4 57
8 87
2 1
4 44
10 13
6 61
2 60
10 84
8 76
4 37
2 80
4 72
3 52
4 81
3 32
9 71
1 31
9 13
6 51
7 51
5 99
6 23
2 30
4 38
7 94
2 37
1 64
1 79
1 88
1 62
1 10
8 81
3 92
7 36
10 86
10 96
4 33
7 36
8 75
4 2
7 42
8 2
1 33
8 80
4 94
3 83
1 36
8 30
5 44
4 67
10 30
5 70
3 31
9 37
1 46
1 63
5 59
8 100
6 90
2 0
6 44
6 21
4 24
4 1
4 17
5 12
2 3
5 49
4 37
3 87
7 99
5 41
2 39
1 84
3 35
10 74
2 9
2 13
3 43
2 54
3 99
6 15
8 50
8 65
5 49
8 97
7 59
5 98
4 1
10 43
7 57
4 23
8 43
2 23
3 32
1 8
2 18
1 18
5 59
8 54
6 75
6 51
3 64
8 74
7 5
9 92
8 68
6 18
9 63
7 67
6 41
7 86
7 8
3 9
2 47
6 87
1 34
3 38
7 3
7 68
8 9
2 73
3 26
5 68
10 9
3 66
5 89
6 62
2 90
6 8
4 70
4 58
4 82
10 50
8 50
9 32
1 66
2 19
8 3
7 19
7 68
4 9
3 6
6 66
8 45
8 49
6 81
10 5
10 73
9 35
1 48
6 33
2 17
7 63
3 27
3 65
8 40
7 36
1 57
8 13
3 18
1 53
9 35
1 18
10 3
1 53
5 11
4 2
1 7
2 68
6 52
2 47
5 21
10 76
2 50
5 52
2 65
10 73
2 52
10 65
1 84
8 0
6 72
4 69
10 11
5 8
8 76
8 2
6 53
3 65
3 44
2 28
3 50
10 60
6 10
3 48
10 65
6 27
3 64
10 97
8 56
4 30
2 10
3 66
5 60
3 32
9 22
5 32
5 16
6 41
6 52
10 70
4 46
5 40
8 58
7 43
10 61
3 88
6 69
10 83
5 58
5 43
5 22
1 1
6 23
7 23
1 63
5 62
8 96
1 86
4 22
4 2
7 35
9 81
8 31
6 14
9 84
5 26
3 12
10 76
8 7
9 97
2 61
3 69
3 20
5 35
9 0
5 96
6 48
9 42
1 31
5 42
4 81
1 63
3 43
5 89
9 40
3 62
7 38
6 88
9 83
5 4
10 66
4 21
7 38
6 22
2 75
2 92
3 69
6 4
5 76
7 49
2 81
4 24
2 15
4 82
10 88
1 70
10 60
5 52
1 68
3 34
4 25
8 54
9 26
3 30
1 91
7 24
4 22
10 33
7 16
5 2
1 68
2 39
4 42
6 75
10 86
5 95
6 37
2 68
9 13
5 77
10 57
9 15
8 5
3 57
8 3
10 37
5 38
4 87
9 72
2 72
10 57
1 44
7 46
9 41
7 12
3 34
2 100
10 17
1 26
2 82
9 2
2 26
10 87
6 18
7 53
8 94
2 77
3 27
8 30
4 7
7 89
9 34
3 23
7 18
1 75
9 21
2 60
5 41
3 5
9 67
7 74
1 40
1 59
8 54
3 10
2 97
9 29
3 78
9 33
1 73
2 46
10 24
3 13
9 90
1 12
4 49
3 36
2 57
3 1
10 45
1 73
9 84
7 18
7 28
4 14
8 53
2 88
10 64
1 100
4 19
2 100
8 97
2 53
6 66
9 79
5 21
8 14
2 39
1 53
9 29
10 40
1 4
2 23
2 19
9 62
4 14
3 86
3 81
1 83
1 4
5 42
3 63
2 8
4 62
6 26
9 94
8 72
8 76
2 32
6 48
1 5
10 51
9 94
7 82
6 98
3 36
3 91
10 49
2 52
5 91
1 97
6 52
6 28
1 30
5 4
4 67
3 78
2 32
8 40
1 6
4 16
8 6
9 78
8 97
8 33
6 49
1 13
6 89
10 94
8 4
8 4
10 3
2 90
4 61
7 26
9 57
10 15
7 21
4 41
5 45
9 60
8 42
6 73
3 4
9 24
7 28
1 43
1 100
4 49
4 91
2 18
3 87
4 78
1 69
5 81
8 58
2 56
7 16
1 31
2 27
4 84
9 61
2 86
9 30
9 58
4 2
9 12
4 44
7 11
6 69
9 74
2 91
10 94
6 78
8 40
4 88
5 81
5 3
6 58
5 74
6 66
1 19
5 11
2 23
1 99
10 92
1 29
4 7
6 88
2 43
6 71
2 25
4 91
1 14
4 66
10 80
7 46
1 53
5 73
1 9
5 7
1 48
8 85
10 84
7 70
7 18
5 66
6 80
2 23
3 6
10 0
3 67
5 52
9 35
6 5
9 56
4 79
2 97
2 78
9 90
5 52
2 73
5 36
10 74
10 93
1 36
8 70
6 93
6 48
3 31
8 25
9 9
9 34
2 94
2 26
3 16
3 41
4 18
8 77
5 14
2 58
1 12
1 68
6 24
8 63
8 67
2 10
8 0
1 79
2 58
4 15
8 59
1 86
2 99
4 63
6 63
3 52
8 97
4 43
8 37
1 93
10 85
10 34
4 23
10 41
2 81
8 36
4 7
3 25
8 98
8 46
3 21
6 89
1 28
1 38
4 69
6 75
9 3
1 64
10 50
1 12
3 3
5 67
1 28
3 22
9 93
5 43
3 25
1 74
6 1
8 62
3 66
1 56
8 82
8 71
10 100
9 48
10 49
6 91
10 30
2 48
2 52
7 41
10 98
9 54
8 35
10 48
2 78
1 61
9 73
2 65
10 81
2 65
3 85
7 14
2 83
10 76
7 88
9 23
10 56
6 41
7 59
8 97
10 9
1 54
3 80
9 98
6 3
5 89
1 94
1 25
8 89
1 67
2 50
4 3
10 63
10 17
10 5
1 54
7 13
6 5
2 69
8 46
6 39
5 68
1 12
10 13
6 11
7 59
1 1
10 49
5 21
2 88
1 15
7 49
8 41
4 25
9 42
3 46
8 41
4 18
2 40
1 53
6 82
5 9
8 95
9 30
6 2
8 68
8 15
10 9
3 7
3 47
4 14
8 77
8 45
4 58
2 100
10 50
10 7
2 83
9 77
2 21
1 36
6 54
3 11
10 71
5 10
4 80
7 65
3 0
4 67
4 19
1 34
4 71
1 9
3 44
6 4
6 6
3 4
9 99
1 79
2 39
3 40
8 2
10 92
2 56
9 93
1 35
9 16
4 56
3 75
10 63
8 77
4 46
2 38
5 20
1 59
10 45
5 36
4 62
9 87
3 88
9 94
1 57
10 65
2 56
7 58
8 49
2 8
10 30
2 1
4 35
6 77
10 16
7 48
7 1
3 62
6 100
10 28
5 10
7 78
4 35
7 47
8 96
3 22
5 72
8 100
2 83
4 32
3 42
5 8
5 42
10 38
7 38
8 94
2 1
5 73
8 96
2 13
3 91
6 75
7 79
2 11
10 44
8 16
3 36
10 19
8 83
7 87
5 45
9 71
9 48
1 42
3 56
3 23
4 45
2 79
4 29
2 78
3 11
2 76
7 26
10 53
5 11
9 82
10 87
8 14
9 20
9 10
2 74
5 62
2 58
4 16
6 79
7 70
10 87
7 22
5 33
9 47
5 9
1 60
1 49
9 80
10 56
3 45
8 14
4 95
5 6
3 10
2 23
2 34
7 89
8 68
7 27
6 43
8 55
5 39
9 58
5 4
1 64
7 55
4 37
10 49
8 48
1 92
6 82
6 65
1 1
2 98
5 38
3 75
9 10
8 10
2 87
6 70
10 94
1 55
5 63
7 64
7 44
3 98
9 60
10 89
3 19
1 75
5 92
6 25
10 10
9 86
3 60
5 58
9 38
10 11
9 65
7 64
6 88
9 35
7 71
10 11
3 79
7 55
2 43
10 82
7 30
10 84
3 79
7 66
9 33
7 100
9 37
10 89
1 20
6 86
8 81
2 66
9 67
8 65
1 6
3 47
3 100
8 8
10 28
8 76
3 42
5 85
1 20
7 44
5 48
3 84
4 77
2 79
2 68
2 0
7 42
10 2
9 77
9 39
2 61
1 94
5 25
6 17
9 89
5 30
2 2
5 5
9 10
6 85
10 19
3 65
8 46
10 16
2 33
2 39
6 33
2 12
8 1
7 8
6 15
3 8
4 29
8 12
10 87
1 84
7 17
9 19
1 67
10 59
2 31
3 74
1 69
3 98
10 34
10 100
8 89
6 50
8 53
10 79
2 77
8 34
1 66
5 87
7 78
5 72
4 63
9 11
4 38
10 100
7 54
1 86
8 41
5 62
5 60
7 55
3 81
10 22
7 98
6 45
6 36
10 75
4 90
6 71
10 72
7 58
8 69
1 92
1 1
1 95
4 66
2 32
10 77
2 13
3 41
2 88
6 14
7 7
6 32
1 35
5 95
4 82
4 87
7 90
10 72
3 43
2 16
2 5
4 42
4 90
8 81
7 3
7 98
7 11
10 36
8 2
5 68
8 34
5 76
2 69
6 77
5 7
10 70
4 4
10 1
4 66
4 34
6 43
5 7
2 21
10 18
1 42
10 71
7 87
8 15
10 77
5 91
3 46
4 50
2 45
6 78
1 67
7 43
4 81
10 93
1 40
3 68
4 11
5 66
8 82
7 12
10 30
8 88
5 80
2 7
10 18
3 17
6 30
7 17
8 35
5 88
3 46
6 53
8 5
2 35
9 38
6 45
8 41
10 21
4 28
2 90
8 6
1 37
9 43
6 78
1 100
5 49
7 8
6 57
3 55
5 44
2 76
7 50
10 31
7 70
9 80
3 67
4 73
1 26
6 30
10 49
10 33
3 1
2 57
1 72
7 15
6 39
1 78
6 91
6 44
4 89
6 89
1 13
3 72
9 14
5 16
9 79
7 32
3 63
1 56
8 11
9 83
8 4
6 16
3 57
7 90
8 32
5 21
9 72
3 76
4 65
2 100
1 89
7 87
8 73
9 30
9 25
8 86
8 14
5 56
6 31
4 48
5 65
4 35
4 18
7 25
10 36
10 88
9 86
2 98
5 33
5 95
9 27
4 18
6 19
1 8
2 19
3 94
10 46
10 34
8 96
5 40
5 19
10 25
5 12
10 93
4 19
1 45
1 12
10 69
6 48
5 98
1 4
2 75
9 8
4 31
1 18
8 46
6 5
9 1
3 87
3 21
3 87
1 19
9 94
6 82
1 13
10 46
4 33
10 60
10 81
10 0
7 82
2 49
4 27
7 23
1 24
8 100
6 27
1 97
1 54
2 71
9 48
4 93
4 72
2 52
10 81
4 86
5 71
9 71
7 100
8 91
6 86
3 63
9 92
8 69
1 17
4 49
4 62
1 35
10 86
3 96
8 2
3 6
3 35
7 45
8 73
7 97
7 66
2 26
5 21
4 0
8 2
4 2
10 23
5 93
1 47
7 4
7 40
2 48
4 11
3 82
5 73
6 95
3 56
6 67
7 76
9 38
10 89
6 45
10 52
5 22
10 100
1 24
2 47
9 40
8 94
1 11
8 63
8 31
6 98
9 60
10 20
7 21
5 42
3 70
4 37
2 23
7 5
10 29
10 74
2 43
8 66
3 80
9 60
9 78
8 56
1 67
1 88
7 79
5 49
3 6
6 50
2 20
8 92
5 40
9 10
4 24
5 90
6 63
4 96
10 1
5 41
1 60
6 95
3 29
8 55
2 86
8 22
6 68
5 3
10 64
5 75
10 54
3 52
3 9
1 11
4 14
4 11
8 18
10 10
7 9
9 87
3 21
5 72
9 50
1 82
1 5
7 74
8 12
8 6
6 17
10 41
1 14
1 81
6 38
7 60
7 28
9 64
9 82
7 82
5 15
6 11
6 31
9 29
10 26
3 98
8 29
1 11
1 92
3 68
3 8
6 63
10 49
2 3
6 36
9 72
4 81
9 26
1 1
8 94
4 39
9 45
4 10
9 81
9 69
5 98
10 60
3 17
8 8
4 10
8 90
8 81
8 23
2 71
5 99
6 22
6 24
2 2
5 82
2 74
8 9
1 88
1 94
7 24
7 40
6 48
2 48
6 55
6 15
5 98
1 44
7 42
1 9
8 39
6 39
3 2
6 69
1 85
3 48
9 20
5 79
5 72
3 19
9 24
7 15
6 93
10 67
8 96
1 15
7 63
1 4
1 53
8 21
6 52
8 56
9 10
9 26
1 93
10 74
9 97
6 88
10 8
8 95
6 15
2 81
2 90
1 14
9 22
7 59
10 81
3 57
9 81
1 74
9 63
10 33
9 69
1 72
10 46
8 85
6 82
5 60
3 16
6 53
10 66
1 47
2 12
10 2
1 35
2 95
6 8
10 16
7 100
10 8
8 1
4 70
8 1
4 6
3 84
8 63
8 61
9 21
6 66
4 72
3 55
1 30
7 92
3 95
9 22
3 38
3 69
4 19
10 85
4 22
8 58
9 75
3 7
6 15
6 11
8 83
9 47
7 77
8 60
3 59
3 95
7 62
7 17
7 37
4 20
7 69
2 99
10 77
10 17
9 47
5 43
4 36
4 6
7 89
8 2
3 34
10 35
9 28
9 65
3 81
7 55
2 88
4 95
8 87
10 25
2 0
5 15
10 82
4 43
1 66
4 69
2 64
1 77
9 88
9 1
2 68
7 48
8 68
2 4
5 46
9 65
3 89
4 12
9 14
1 75
8 0
7 55
7 22
9 97
4 100
8 24
5 13
2 92
1 82
4 95
9 41
10 84
4 85
9 65
2 69
2 86
7 83
8 39
1 19
9 37
5 7
1 72
10 12
4 60
9 57
3 82
4 98
2 69
3 72
2 93
7 6
4 61
10 18
10 91
3 70
5 90
9 6
3 85
4 85
1 93
8 53
6 47
9 44
10 68
10 74
7 37
7 94
10 66
7 27
10 2
5 49
3 55
1 55
4 46
1 94
3 80
9 38
1 82
7 57
7 28
3 43
10 65
8 71
1 59
9 84
7 89
10 39
6 55
6 87
1 28
8 89
5 76
3 41
5 95
4 97
10 58
5 63
9 76
6 97
3 55
6 7
8 2
4 3
4 33
7 47
10 57
10 68
4 76
5 4
2 63
3 58
7 24
4 37
9 14
1 79
10 21
9 52
2 74
10 25
5 4
2 47
3 93
2 6
7 45
5 10
1 35
9 21
8 0
3 71
9 46
1 71
6 92
5 22
2 81
1 81
4 86
5 59
8 9
2 72
8 14
8 66
10 40
10 42
7 10
3 44
2 55
4 7
7 21
10 47
9 88
8 49
8 66
7 26
7 58
8 95
4 92
4 47
4 90
8 0
5 99
8 64
5 82
9 19
1 95
7 11
10 90
3 57
2 76
5 44
6 6
7 41
10 41
7 57
10 83
2 80
8 13
3 44
3 73
8 50
10 76
1 93
9 14
10 100
2 77
7 44
9 8
10 11
4 41
10 88
9 44
5 15
7 70
6 41
3 22
2 74
9 31
2 6
3 39
6 60
3 75
7 75
4 42
8 74
9 68
9 51
10 98
1 50
6 72
10 5
1 29
8 42
7 75
5 23
6 15
10 76
6 93
6 39
8 15
9 59
4 32
10 1
10 95
6 21
7 31
9 32
5 8
4 39
1 75
1 17
4 70
2 59
4 55
5 11
10 22
4 80
7 16
1 28
3 80
4 12
6 57
8 21
1 81
5 49
8 73
5 13
5 6
9 27
3 58
7 63
8 47
9 30
10 0
9 9
2 48
10 96
5 33
8 22
9 46
10 32
10 98
5 29
9 12
10 31
8 42
4 40
8 63
5 100
8 91
1 78
7 37
6 50
4 84
6 76
10 86
8 86
10 33
10 13
3 20
7 89
1 4
6 41
3 30
9 49
9 99
2 45
9 67
3 63
2 3
4 93
6 41
4 58
2 76
2 28
9 59
10 59
5 31
2 20
1 32
3 70
8 18
10 96
9 81
2 40
8 11
4 39
3 68
1 47
6 52
1 98
5 13
9 71
7 50
1 59
5 11
6 25
9 61
10 77
7 66
2 22
1 91
10 17
2 62
7 36
1 89
9 81
2 9
3 96
7 35
2 9
4 72
1 13
10 90
10 72
2 87
1 37
5 46
2 72
4 21
2 74
7 74
5 28
5 31
10 25
5 40
9 24
5 31
10 63
2 97
7 3
2 41
6 82
7 97
5 21
1 100
8 80
10 97
7 0
9 13
3 11
2 49
3 71
7 82
3 84
1 0
4 82
4 34
6 31
3 33
8 55
8 36
4 5
6 81
1 8
8 24
6 71
5 62
8 32
5 59
1 94
2 62
3 24
7 100
10 79
6 74
5 93
10 66
9 78
5 24
8 59
8 24
3 45
3 14
10 48
4 16
4 8
8 30
5 44
1 3
2 89
10 65
9 26
4 6
3 15
4 35
3 23
3 46
7 7
2 16
9 70
7 85
3 36
10 22
1 85
2 95
9 5
7 41
1 73
7 57
10 11
5 31
5 74
3 79
1 19
9 48
8 17
10 43
10 75
1 79
3 27
7 49
2 75
3 55
1 3
6 68
6 96
8 70
6 11
4 56
8 91
1 18
4 27
4 75
5 61
8 2
10 94
8 85
6 28
5 51
4 69
9 33
4 73
7 40
1 88
4 17
5 65
8 30
6 16
2 82
9 70
6 60
4 23
8 46
1 58
10 42
10 57
1 55
9 75
5 90
3 36
10 95
5 9
7 53
2 71
2 58
9 81
7 85
6 14
2 28
7 42
2 41
10 48
10 25
4 90
1 63
4 14
2 24
7 42
1 74
7 78
5 81
10 41
3 100
3 0
6 74
4 25
4 61
6 54
9 64
4 44
1 1
8 74
10 23
4 98
4 35
9 7
7 60
3 16
10 77
7 72
4 0
2 10
6 3
8 66
7 58
10 75
2 92
2 59
5 59
3 24
9 100
3 14
4 38
5 46
7 96
5 100
2 63
3 51
2 46
5 6
3 49
6 81
6 44
7 97
10 5
10 4
5 44
4 16
5 71
3 32
6 39
4 54
9 55
3 31
7 26
8 25
10 42
4 62
2 25
1 99
10 62
6 27
1 52
6 22
4 37
1 87
8 59
5 46
9 92
2 10
9 97
4 97
1 26
2 99
9 38
1 82
6 53
8 71
4 40
4 22
5 73
7 6
6 22
4 0
3 12
10 37
8 95
9 37
10 5
3 29
5 69
3 9
9 66
5 2
10 51
8 98
10 62
7 3
1 78
9 33
5 61
6 60
10 55
1 3
8 6
10 81
6 90
2 50
7 17
5 50
6 32
9 59
5 21
3 2
2 64
9 61
5 9
8 91
3 18
9 98
10 34
10 44
5 30
3 10
2 44
4 44
4 82
1 92
4 11
8 79
4 43
2 1
5 47
6 32
8 70
5 78
10 14
7 26
6 48
10 99
7 34
1 16
3 23
1 2
2 60
2 65
5 10
1 12
3 10
8 68
10 38
3 57
7 94
9 54
7 79
8 63
5 7
3 21
4 12
3 94
10 59
6 45
5 14
6 58
1 63
3 62
4 57
1 24
8 27
8 63
6 37
6 14
10 19
5 76
3 38
5 38
7 52
8 51
2 65
6 64
9 92
5 98
1 51
5 53
1 35
10 1
2 38
10 82
2 1
5 99
6 2
7 67
7 33
1 48
8 29
10 65
4 15
3 10
5 18
4 80
7 84
1 3
4 25
2 10
7 77
2 15
10 13
9 55
10 23
7 65
1 76
9 55
10 70
3 43
3 8
5 40
7 62
10 3
4 19
7 54
3 24
7 14
8 20
2 47
9 58
10 84
2 64
2 16
5 71
9 71
6 6
2 42
8 49
10 44
7 46
5 8
4 2
5 12
4 32
2 74
5 57
10 87
10 9
8 36
10 3
4 7
2 1
7 22
6 7
1 100
3 18
5 98
5 98
4 78
6 41
10 48
2 72
10 50
10 71
2 36
1 98
9 35
4 41
2 21
3 63
7 1
4 40
6 67
1 61
4 84
2 39
6 45
2 71
3 34
3 61
5 15
9 91
4 62
4 17
9 3
1 57
3 92
10 56
9 24
1 49
9 42
5 0
3 23
7 33
6 21
1 70
10 50
10 100
5 55
7 35
2 4
1 5
9 43
10 99
8 77
10 52
3 97
10 27
6 9
8 39
1 95
8 46
2 87
4 27
5 23
8 51
10 14
6 83
3 100
9 56
4 50
3 93
7 39
4 25
2 22
9 68
3 23
9 23
1 4
8 84
4 37
9 94
1 41
7 23
1 20
4 46
1 73
8 93
5 48
10 62
5 22
1 42
8 80
5 38
2 66
6 97
6 51
5 57
1 19
2 66
2 99
10 53
7 22
7 76
8 67
6 14
6 47
2 3
1 31
8 88
10 38
6 22
7 24
2 35
5 63
7 55
10 60
7 10
2 45
4 9
4 50
1 34
6 38
6 96
10 36
3 96
5 48
2 30
10 32
4 71
7 78
2 21
9 73
10 66
6 93
3 42
8 22
4 62
4 63
8 1
3 58
7 21
6 23
3 8
7 56
8 76
9 18
1 48
7 14
9 80
5 32
5 62
8 99
6 58
7 92
2 69
5 0
7 36
6 69
7 16
3 46
1 91
3 51
6 13
2 74
7 83
9 27
3 3
8 16
10 95
6 24
5 19
7 37
3 55
3 98
3 29
5 12
7 87
8 96
9 33
4 36
2 90
5 27
7 75
10 53
6 24
5 40
9 27
7 84
5 71
2 86
10 93
5 10
3 80
9 50
8 53
10 92
10 71
3 76
7 4
9 72
9 16
5 5
1 68
10 98
7 82
6 47
7 6
1 9
9 96
6 75
2 65
10 48
9 12
3 33
3 65
5 39
9 50
10 36
4 90
7 65
4 29
8 25
9 91
2 37
5 7
8 89
8 74
5 14
1 56
1 44
6 76
8 84
1 43
9 6
7 33
2 31
9 40
6 18
9 12
8 90
8 55
6 51
10 91
8 6
7 9
3 15
7 96
8 33
1 47
1 64
4 34
5 67
3 13
10 8
10 88
3 94
10 91
9 95
10 2
8 59
10 56
2 81
8 25
9 66
7 84
7 9
6 58
2 12
8 22
10 99
4 26
1 9
7 6
9 69
6 56
7 94
2 26
7 67
4 21
10 58
4 6
10 0
5 85
9 9
8 79
8 73
6 50
3 60
5 30
9 47
7 25
4 45
2 29
4 18
9 91
6 53
3 20
7 10
5 17
2 34
1 58
2 59
9 88
8 45
10 22
5 97
10 71
1 50
1 62
4 36
3 40
7 34
10 13
4 99
1 28
4 59
4 69
5 100
5 57
1 67
3 78
6 32
10 67
1 21
2 59
1 78
8 53
6 13
7 43
10 46
10 9
6 26
3 11
8 95
1 81
5 50
9 11
3 69
3 57
9 22
8 42
10 44
5 70
10 10
3 15
3 91
5 22
10 20
8 42
7 39
1 26
1 8
9 50
5 71
2 0
9 7
6 95
6 16
8 76
10 18
3 99
4 19
1 70
7 42
4 58
6 96
10 69
3 25
8 4
4 4
9 21
3 15
6 92
7 57
4 92
6 78
7 51
9 53
1 26
1 45
6 25
4 56
8 76
4 87
10 33
2 33
5 40
7 29
2 56
7 47
7 87
1 25
4 42
6 47
1 71
8 79
10 11
5 70
10 40
7 46
8 55
8 98
3 24
3 93
9 95
5 94
3 85
9 88
2 0
7 16
10 57
4 12
10 33
10 24
3 92
2 29
10 78
1 88
1 97
2 16
3 20
5 47
4 54
7 62
3 16
8 44
8 33
9 54
2 26
8 78
3 38
4 98
1 16
5 77
1 52
7 62
9 29
1 97
1 66
6 53
10 48
3 30
5 43
2 91
2 23
7 79
2 75
5 47
9 49
5 25
6 15
5 3
6 68
3 2
5 21
4 81
3 53
6 18
9 40
9 71
2 62
2 12
4 57
10 38
3 12
1 31
5 73
9 61
4 47
6 99
10 29
4 20
3 78
1 95
2 30
1 90
7 21
2 22
1 13
8 26
10 24
10 96
5 6
1 95
9 59
6 17
10 58
9 25
2 42
7 58
10 58
2 92
9 97
9 15
3 34
4 62
2 72
10 30
4 41
4 91
8 17
5 79
4 40
9 51
5 24
8 22
7 37
1 16
8 50
8 24
5 35
7 2
8 90
9 58
4 28
1 96
7 22
4 43
9 84
4 43
4 49
5 35
5 39
6 88
2 79
5 12
6 56
8 21
9 8
9 0
6 19
7 60
2 84
9 27
1 90
9 8
8 40
2 69
1 81
10 34
8 30
2 16
6 81
6 81
6 19
7 47
10 7
8 47
3 73
8 97
9 6
6 47
3 68
1 54
3 27
8 58
9 10
9 60
2 30
2 51
4 2
3 11
9 87
2 29
8 6
4 44
3 81
3 65
7 80
5 50
9 75
5 48
2 99
10 87
3 43
8 14
9 36
10 81
1 12
5 35
3 19
5 11
5 41
6 52
5 93
8 26
7 45
5 10
9 82
6 30
6 59
10 50
4 34
3 96
2 34
6 9
7 27
8 37
3 60
7 77
6 94
9 64
10 81
4 13
2 56
7 35
10 83
1 3
2 19
2 85
10 13
8 71
1 81
4 23
9 35
5 77
3 35
8 79
8 17
10 88
1 97
6 7
5 87
8 32
4 43
3 43
1 100
5 96
10 71
1 51
2 7
3 22
9 19
6 42
6 4
4 64
2 2
1 96
7 74
7 91
10 89
7 38
10 73
7 39
10 100
8 81
4 7
8 5
3 79
5 23
10 80
9 5
3 28
6 74
7 11
5 92
4 39
8 86
2 7
5 61
5 73
3 56
2 12
9 83
10 72
1 71
2 59
6 88
9 52
8 52
8 35
4 93
4 94
4 19
2 68
4 94
9 36
5 86
1 10
9 54
4 19
2 92
3 90
6 36
1 17
5 46
10 96
6 99
8 25
2 12
5 59
10 39
1 44
7 10
4 17
7 55
7 86
7 47
1 65
2 54
5 41
3 36
4 46
10 44
1 54
9 76
3 98
10 9
5 9
7 14
3 87
5 23
4 29
9 91
9 94
1 64
8 60
8 60
9 30
6 0
1 26
4 47
4 51
6 59
8 42
3 19
4 27
8 81
8 78
1 30
4 48
3 44
9 90
6 56
3 93
5 6
5 37
1 51
4 0
4 0
8 24
2 52
2 89
5 98
8 21
4 67
9 84
3 46
4 39
5 7
6 82
8 79
4 38
4 58
9 78
6 16
10 78
2 64
3 78
10 10
10 89
3 97
6 34
2 68
9 46
9 95
1 57
1 41
5 66
1 9
8 77
1 63
3 95
9 94
10 86
2 55
6 82
6 12
5 63
6 73
4 59
5 12
4 0
7 35
3 58
4 34
5 8
10 92
7 5
10 2
10 16
3 12
2 95
9 65
9 64
7 49
1 72
2 31
4 65
3 7
3 81
4 24
2 67
2 91
7 49
1 72
10 49
8 51
1 89
7 81
1 47
9 62
7 98
3 13
6 10
4 83
4 49
8 95
4 65
2 49
3 60
4 46
2 62
8 80
5 30
6 41
6 36
7 3
7 88
2 91
5 92
1 0
10 31
4 64
7 83
5 21
5 21
2 96
8 20
3 9
1 60
7 4
10 24
5 96
8 49
1 58
10 11
6 39
8 100
8 69
8 54
3 98
10 81
7 55
1 2
6 44
9 91
1 96
4 74
9 49
4 25
8 26
3 53
4 23
4 9
3 98
10 1
1 78
3 40
5 6
3 88
3 95
2 95
5 74
6 12
2 53
10 87
8 70
10 46
3 59
10 100
10 70
4 11
1 21
9 52
10 36
4 4
8 96
9 22
2 9
2 3
5 33
5 33
10 74
4 16
2 19
10 42
2 30
5 13
6 40
10 99
4 92
10 96
3 27
7 18
5 43
1 10
1 29
2 14
9 9
1 53
6 49
9 10
6 67
7 14
6 70
7 63
3 4
2 8
2 34
9 83
8 95
2 58
5 91
1 8
4 6
10 72
3 37
1 30
4 31
2 90
9 8
2 0
1 35
6 81
8 74
9 26
8 89
5 61
4 100
8 75
2 9
6 25
7 75
7 15
10 51
3 46
9 67
2 31
2 36
5 67
6 79
7 32
10 70
10 95
3 13
8 82
7 11
5 33
3 98
4 52
4 1
10 67
4 15
4 15
9 100
2 44
3 49
1 29
1 47
8 16
7 83
8 80
6 55
9 81
5 27
1 12
10 5
10 75
5 91
3 62
3 99
5 0
7 0
4 82
7 15
5 17
3 9
5 90
8 62
9 37
7 17
3 80
8 100
9 79
5 17
10 99
7 11
1 88
1 73
1 54
6 25
2 27
9 66
1 21
9 24
1 33
9 57
1 52
3 45
10 36
6 26
5 13
1 19
5 78
6 10
4 17
10 57
4 100
6 5
5 17
9 50
9 26
4 100
9 13
9 6
9 63
5 31
5 51
1 21
5 15
1 0
6 7
6 72
1 99
9 88
8 71
7 7
4 2
5 49
2 59
3 17
9 96
5 44
4 62
7 72
3 71
6 6
7 49
7 68
1 37
1 30
8 87
2 36
3 86
7 26
10 28
6 81
6 95
6 35
2 13
6 80
7 71
5 89
2 22
5 83
9 50
3 57
4 74
3 82
8 3
8 4
1 52
5 0
2 85
10 11
7 87
6 42
7 32
2 90
2 31
10 73
3 88
5 89
3 53
2 29
7 20
10 45
5 79
7 21
2 80
9 70
8 50
8 82
5 13
5 30
6 74
8 62
3 79
3 74
1 71
10 79
7 80
2 68
8 32
4 51
8 73
2 3
4 41
10 8
6 99
10 27
5 43
4 53
5 69
1 0
7 53
8 28
9 0
4 86
8 52
10 0
4 16
8 69
2 87
6 29
4 77
8 53
4 16
10 0
7 21
1 68
2 68
9 32
7 69
10 72
8 34
8 2
5 35
8 42
4 7
9 92
6 3
3 47
3 0
9 33
6 21
3 58
10 90
1 78
6 63
7 56
10 91
5 92
6 73
10 0
10 69
8 96
9 26
6 97
6 97
8 29
2 28
1 23
6 54
7 68
10 85
8 100
8 21
3 34
6 48
10 86
3 21
5 52
7 22
3 14
5 95
4 81
7 96
8 74
6 27
6 14
1 98
10 70
1 75
7 63
8 87
7 16
10 68
10 70
2 40
6 11
4 70
2 40
2 56
8 64
1 87
4 2
6 37
1 44
3 74
7 25
6 36
3 0
7 39
6 29
3 52
2 55
9 56
2 83
8 41
2 38
6 64
9 28
10 35
5 82
5 67
3 58
5 78
6 90
2 49
9 18
6 1
6 38
9 35
6 91
10 10
3 75
7 26
9 10
3 89
8 77
3 36
7 22
3 26
5 33
2 88
2 91
1 89
2 26
9 51
2 1
3 12
8 40
1 60
10 32
7 71
4 55
9 42
9 29
2 98
4 56
9 58
7 7
8 99
3 63
5 81
3 80
1 16
9 14
3 80
1 3
9 77
9 7
10 35
2 13
2 44
1 70
2 77
9 29
7 38
10 28
3 16
3 2
6 3
10 93
9 57
10 89
5 72
3 5
7 100
6 14
8 31
2 78
1 51
5 74
4 14
6 31
6 33
5 57
4 9
9 1
4 96
5 50
10 94
9 64
4 28
5 71
9 79
1 49
3 99
3 31
6 76
6 8
9 55
1 93
6 8
5 55
8 12
7 79
8 61
1 75
5 77
4 100
1 54
8 49
5 2
8 91
4 84
8 89
4 0
4 84
8 57
8 21
2 16
5 60
4 24
4 17
2 92
6 19
10 64
2 67
4 16
2 0
4 89
5 66
7 63
10 2
9 46
10 13
5 79
2 85
7 40
3 29
1 13
6 43
9 16
1 57
4 60
1 1
2 27
9 35
2 0
1 49
7 89
7 95
8 83
5 29
7 94
6 88
7 16
9 7
5 30
3 48
2 39
7 16
7 54
8 72
9 62
1 53
2 25
7 4
5 95
3 81
10 1
10 54
5 4
4 6
1 23
2 5
2 65
7 66
8 11
8 58
1 91
3 26
7 85
5 73
4 72
8 23
1 58
7 100
8 41
7 73
8 48
10 73
4 70
10 38
3 27
4 78
4 95
3 71
2 27
3 92
1 76
2 50
1 93
7 8
9 23
10 25
5 30
10 50
9 85
4 59
3 16
3 11
6 26
2 96
7 77
6 27
1 95
2 86
3 97
5 79
7 16
6 30
8 10
3 57
1 100
2 50
6 12
5 95
9 63
4 41
7 98
1 15
2 63
4 83
3 30
8 29
7 85
4 13
8 51
8 64
3 35
9 36
6 53
6 2
10 19
9 67
4 9
6 1
2 44
9 46
7 15
1 58
8 78
7 62
4 65
2 42
2 31
8 82
8 30
2 60
9 48
2 76
3 85
3 90
6 25
8 34
2 66
9 39
3 61
4 72
1 43
3 53
7 92
9 91
10 37
8 88
7 45
6 22
1 78
5 76
2 89
2 32
2 81
5 23
1 26
8 100
4 3
7 52
2 94
6 89
7 81
6 55
10 84
7 31
5 63
6 59
7 63
2 58
8 8
10 17
6 40
3 47
4 99
7 55
1 22
7 95
6 80
4 11
2 90
7 53
4 96
10 37
9 51
10 55
8 39
6 72
2 78
2 7
5 4
3 24
7 41
8 100
9 29
9 6
7 63
8 16
9 83
7 70
7 78
7 11
2 17
8 20
9 28
3 44
5 16
9 95
7 68
3 6
6 3
3 4
1 93
5 71
10 83
2 6
4 23
5 19
6 69
3 100
10 70
8 24
4 20
10 35
3 79
5 37
7 72
1 58
1 63
8 94
10 84
2 13
7 16
8 80
9 97
5 82
10 82
2 61
10 55
7 58
3 84
1 12
9 31
9 11
10 37
1 22
8 4
6 24
3 51
6 76
1 78
8 49
6 82
9 16
2 94
4 19
10 46
1 25
1 28
10 94
2 18
3 52
9 59
1 27
8 77
5 88
7 84
4 94
6 10
2 14
3 53
5 4
7 47
9 58
7 29
10 52
9 99
1 40
5 92
7 72
1 15
8 16
3 4
4 58
4 34
2 23
6 53
5 77
9 35
1 66
2 70
5 38
3 0
5 43
8 26
9 25
10 62
8 61
4 16
10 11
9 70
5 36
6 63
7 37
1 98
1 9
8 72
4 100
2 60
6 24
8 24
1 62
8 2
9 9
6 24
9 64
9 84
7 45
3 69
10 11
3 62
4 100
7 93
5 100
10 28
7 66
5 14
7 15
6 95
1 85
6 95
5 52
5 80
3 42
8 89
5 45
8 17
8 76
10 64
4 75
5 46
4 3
3 21
3 96
5 1
1 31
