10000
6 91
4 41
7 37
10 75
9 9
8 41
9 88
5 23
3 88
8 86
4 82
5 30
1 47
4 9
6 1
4 18
1 5
2 29
7 15
2 8
3 97
4 93
7 55
3 94
6 78
2 63
10 64
9 40
1 71
7 6
10 80
6 4
8 73
4 51
4 29
3 75
8 46
1 24
7 90
8 59
2 41
5 66
9 81
6 62
8 97
7 96
9 87
9 32
5 40
9 8
10 57
7 20
10 1
9 42
9 100
9 64
4 26
5 84
3 17
1 62
7 71
1 25
4 98
6 76
6 21
5 56
4 88
4 22
1 34
6 30
9 65
7 78
7 83
8 96
8 81
1 25
9 62
9 80
10 48
5 3
2 79
4 39
2 0
8 84
1 25
7 86
4 29
5 60
7 13
9 65
10 55
3 41
8 84
8 28
9 13
5 14
7 46
10 71
1 71
1 91
3 56
10 0
4 4
6 8
6 38
10 91
9 41
8 26
2 4
7 21
3 5
6 34
2 42
9 94
3 94
10 3
8 16
4 48
6 42
5 57
9 41
3 17
2 5
2 58
9 55
7 44
4 92
1 36
5 98
4 77
4 89
8 85
6 15
4 29
1 67
9 18
5 50
3 29
3 2
9 92
5 48
6 2
7 35
4 10
1 85
5 98
1 2
4 85
8 24
9 39
6 35
9 83
6 75
9 22
4 33
9 11
3 37
1 56
2 38
1 51
6 89
4 46
5 17
7 32
9 92
8 1
1 80
9 59
4 94
5 10
2 63
9 77
10 36
2 40
7 57
3 46
7 30
7 13
9 44
10 56
1 81
7 33
2 72
1 35
8 11
6 79
3 81
3 19
7 97
9 87
10 97
3 69
9 82
6 26
9 35
3 65
4 84
1 6
3 11
3 76
2 6
8 93
7 74
7 68
8 7
9 69
6 9
2 52
1 29
2 3
5 81
10 45
4 16
1 84
9 62
9 0
5 51
7 39
2 75
6 52
1 100
6 75
8 59
6 17
3 21
8 20
9 100
8 33
4 48
6 79
5 98
4 22
5 63
7 72
1 68
5 71
3 14
8 77
4 72
8 23
5 5
5 22
7 35
10 50
2 79
6 69
3 69
3 2
6 3
2 82
1 3
6 26
6 36
1 37
7 30
9 14
8 76
2 43
4 37
9 36
5 53
9 99
2 3
8 89
9 69
3 40
3 66
8 98
7 8
4 71
5 25
4 22
1 60
6 81
2 9
1 77
9 93
5 17
6 65
9 42
7 80
3 35
8 83
7 7
6 30
2 51
1 100
2 51
4 26
7 31
10 41
1 92
1 27
8 0
4 98
6 69
4 66
3 87
3 66
4 74
5 92
7 14
1 56
3 37
7 88
2 14
7 35
4 86
6 3
5 54
4 19
4 69
1 27
3 50
9 55
1 76
6 89
1 50
9 36
9 57
6 33
7 51
5 19
10 24
4 33
10 21
5 18
3 54
9 73
4 55
3 8
6 5
9 37
1 38
4 40
3 34
4 40
5 0
9 58
2 95
7 9
1 51
9 75
9 64
2 18
4 32
1 71
7 26
7 52
2 75
2 22
6 59
10 69
2 47
1 48
10 5
6 73
6 81
4 80
4 81
6 85
2 42
2 1
7 88
10 92
10 13
7 6
7 20
2 88
4 22
9 24
7 97
8 24
6 43
3 18
1 21
7 20
8 79
2 75
3 21
9 26
8 23
6 65
8 95
7 31
2 74
10 44
5 13
6 59
4 72
6 42
6 21
6 92
9 10
5 70
4 42
7 22
3 99
4 64
1 79
4 80
1 71
7 47
7 95
10 63
1 67
2 14
7 35
9 83
6 16
7 57
9 5
4 9
8 100
2 52
1 76
1 62
2 76
1 59
1 73
2 19
5 63
4 94
6 20
5 82
3 32
4 92
1 44
6 48
2 49
5 89
9 18
2 91
1 78
10 7
10 69
6 67
2 44
3 98
8 18
5 9
5 82
8 26
2 14
1 66
8 16
9 64
6 66
3 72
8 54
4 88
5 56
10 70
10 35
7 70
10 46
10 37
5 31
2 68
3 45
4 19
10 1
7 14
8 70
7 1
2 8
10 37
4 23
8 72
4 5
8 88
6 89
4 17
5 84
8 72
5 32
7 74
4 57
10 49
4 88
4 3
3 67
10 27
3 71
8 8
3 31
1 13
8 87
2 57
1 89
8 0
1 4
3 61
6 87
4 36
7 27
1 9
7 82
9 8
10 32
8 25
1 64
3 15
9 79
10 1
8 79
4 67
2 79
10 41
10 77
4 97
6 27
10 47
6 32
3 17
3 68
2 36
7 80
2 30
9 7
10 27
2 10
8 91
8 52
8 98
3 89
9 25
8 87
7 6
7 25
7 33
8 61
6 88
2 21
7 48
1 19
4 96
2 38
2 80
1 75
7 17
3 78
10 37
7 15
10 28
7 85
6 0
4 53
3 75
4 32
10 44
10 81
4 39
8 56
6 59
3 89
9 39
9 48
3 3
3 24
7 23
8 39
2 64
5 23
2 23
8 59
5 25
2 88
9 94
10 31
6 59
9 21
9 64
9 14
9 63
8 20
10 15
10 35
7 6
7 74
3 56
4 23
1 20
4 25
1 74
1 14
10 53
5 38
5 45
7 19
7 41
2 20
7 74
4 22
2 29
1 0
10 71
8 75
3 37
7 58
8 100
9 55
2 89
4 46
2 96
7 19
8 30
4 95
1 47
5 63
2 19
1 52
8 57
1 45
6 96
3 82
9 88
4 21
9 46
4 42
5 0
1 77
6 41
5 62
8 47
5 48
7 52
9 75
4 6
6 68
1 91
8 56
7 64
7 71
2 14
6 38
6 34
7 79
2 29
4 39
6 45
7 59
5 12
1 37
4 44
10 76
1 58
1 73
6 36
9 83
3 82
10 45
7 1
5 51
5 95
4 22
10 34
9 35
4 1
2 7
8 51
9 94
2 62
8 4
8 55
9 97
10 61
3 15
6 81
1 69
4 11
5 36
6 58
8 42
4 94
9 12
6 55
6 75
5 5
10 82
5 100
4 67
7 59
1 62
6 4
3 7
8 20
10 3
3 43
8 19
10 98
4 95
2 84
2 91
4 100
8 48
4 95
9 78
3 91
1 15
5 78
8 97
6 56
8 100
7 100
10 20
10 95
2 58
9 58
7 16
2 28
2 89
7 88
4 55
3 85
1 99
7 39
5 71
9 65
4 65
5 62
1 79
9 1
10 44
2 56
3 21
9 83
7 81
4 92
8 1
4 40
1 87
3 37
8 90
4 37
10 46
4 37
5 3
2 6
5 67
5 42
2 86
6 18
9 92
9 37
2 35
6 10
5 38
4 69
3 16
1 35
4 4
3 92
7 60
5 78
5 4
5 22
2 10
5 46
1 79
3 76
8 40
7 8
3 74
9 39
2 30
6 83
10 15
1 68
7 88
1 31
3 65
2 53
7 37
10 29
9 9
5 93
10 55
10 7
3 77
7 31
1 39
2 3
5 94
1 77
4 74
1 58
3 87
1 5
3 18
4 98
10 74
8 90
1 8
7 66
2 5
8 20
1 15
2 76
5 28
6 17
3 8
6 45
8 23
5 19
3 11
3 21
3 31
6 90
8 43
2 56
4 83
4 27
8 0
8 75
3 5
1 84
1 20
2 80
1 4
1 51
2 66
3 1
10 94
4 77
9 24
9 23
6 72
6 99
9 79
7 0
1 29
10 56
8 61
3 20
8 14
2 61
7 90
7 97
9 69
10 58
4 16
7 89
7 49
5 47
8 28
5 55
10 91
7 63
1 67
5 26
9 80
6 51
3 25
4 91
2 24
9 3
3 8
10 86
8 78
6 60
3 73
4 5
9 94
2 5
3 96
4 17
4 49
3 96
3 91
10 22
2 81
6 45
9 46
10 86
6 65
6 54
1 34
2 5
1 69
1 45
10 83
10 17
8 84
10 85
2 15
7 62
5 31
2 43
10 73
6 2
10 17
3 10
10 100
2 84
3 59
2 100
1 40
7 13
3 63
8 0
4 79
5 5
9 12
10 8
5 70
7 18
4 7
5 69
6 99
8 14
1 60
3 29
4 98
10 87
1 49
6 64
8 18
3 57
5 57
6 70
8 90
8 29
9 2
4 56
10 60
9 74
6 75
3 75
4 51
5 11
1 35
6 0
8 97
2 100
10 71
3 79
9 6
2 42
7 100
1 80
4 60
4 37
3 82
7 23
10 31
8 7
5 40
10 31
10 45
6 35
4 33
3 59
5 31
1 12
9 36
8 82
8 68
8 12
9 24
10 61
7 73
8 56
6 87
6 7
2 100
8 70
5 76
1 43
1 49
1 33
10 13
3 73
1 78
2 90
2 55
2 85
6 18
2 85
10 47
10 17
5 12
5 47
6 27
3 10
7 44
10 41
2 65
4 46
8 67
5 87
1 16
4 88
1 41
5 34
2 32
9 57
9 25
6 11
10 80
4 55
9 54
2 11
5 9
8 56
7 28
6 44
4 65
6 53
3 9
9 2
9 98
10 32
4 33
9 18
3 92
6 76
1 65
6 40
10 96
1 74
10 67
5 89
3 21
6 10
4 50
6 48
8 4
5 8
7 4
6 88
1 75
3 33
9 69
9 100
4 23
2 93
10 39
2 59
9 41
10 93
5 16
2 84
6 91
5 34
6 91
3 89
10 56
10 71
5 51
1 44
3 36
5 63
2 95
7 96
3 36
1 17
10 55
1 2
7 62
3 94
3 19
6 56
4 12
2 16
2 35
4 39
3 93
6 46
2 81
8 39
5 2
5 96
5 86
6 100
3 27
5 68
5 45
1 48
6 33
4 34
7 91
2 29
1 14
2 96
6 55
1 17
7 2
4 63
10 59
4 74
8 84
5 21
9 24
4 28
8 84
10 47
7 15
6 19
3 84
1 49
6 0
1 5
5 58
8 13
10 59
3 33
10 20
1 21
10 67
7 81
4 36
5 71
2 63
7 57
2 95
7 48
8 93
5 16
1 63
2 45
3 80
8 25
7 15
9 91
3 81
1 56
1 17
8 73
3 18
3 94
8 60
3 36
1 0
1 72
8 91
5 41
8 5
6 10
5 65
7 7
8 78
6 22
5 63
3 0
10 81
6 68
3 87
10 66
1 30
1 32
8 55
4 30
6 82
8 30
9 17
4 73
8 89
7 41
8 88
6 93
5 31
9 33
10 98
4 52
6 66
2 54
6 67
2 49
6 74
6 42
7 74
9 53
5 25
10 95
4 58
1 96
2 33
9 61
6 40
4 98
2 36
2 5
5 70
6 57
9 37
4 28
4 68
3 5
3 7
2 43
8 94
4 10
2 35
1 56
4 91
7 98
1 12
3 94
10 40
7 15
3 100
6 77
1 47
10 89
2 78
7 22
1 99
1 6
1 20
5 16
9 78
5 64
4 59
5 75
9 5
10 95
8 91
10 89
2 27
7 57
5 49
1 5
9 16
10 67
2 43
2 52
5 71
3 45
4 74
9 27
1 19
4 6
7 23
7 85
5 7
3 20
6 82
5 86
1 91
7 98
7 92
4 26
10 77
9 79
1 31
4 57
5 41
7 52
8 29
5 56
2 11
8 83
1 38
6 66
10 32
4 88
7 13
1 77
3 47
7 96
9 77
4 23
6 76
9 38
7 50
3 65
5 55
2 85
10 79
1 75
2 8
9 69
5 21
9 66
7 33
10 16
4 57
5 20
6 68
5 69
1 45
5 4
5 83
4 43
7 55
1 45
3 54
5 43
7 84
8 78
8 14
3 2
8 71
2 95
3 54
6 67
6 96
1 10
6 50
3 25
1 91
8 6
2 36
10 60
1 0
6 19
10 82
3 93
10 23
5 57
4 4
7 60
2 73
9 21
2 31
1 44
2 28
7 57
2 28
6 25
9 35
6 46
8 96
10 82
4 57
2 67
7 37
8 68
8 91
6 27
2 70
3 16
10 86
9 78
5 47
3 78
6 49
5 14
6 48
5 97
5 65
4 22
2 63
6 3
5 67
3 30
3 3
7 45
6 0
1 26
3 23
3 64
3 26
10 54
3 1
10 91
3 82
8 66
5 14
5 5
2 94
4 23
4 81
2 32
1 93
1 71
1 95
5 96
10 86
1 87
1 93
5 18
9 12
5 17
4 82
10 78
5 50
3 73
4 9
5 86
5 85
7 99
4 75
5 12
4 68
2 0
9 92
4 67
7 47
5 16
5 76
5 89
3 74
10 57
2 5
6 40
10 96
4 40
8 68
8 71
8 54
9 99
2 33
4 51
7 83
2 93
8 63
4 8
5 91
6 84
10 17
5 86
5 59
9 83
10 85
2 100
6 93
8 32
7 36
3 98
4 24
1 37
2 54
2 74
7 49
6 42
2 24
6 1
5 25
1 30
4 70
2 54
4 81
4 39
10 79
5 75
1 51
9 47
4 36
10 13
4 24
4 1
2 19
8 86
10 59
10 67
6 8
7 70
3 39
8 97
8 82
5 97
7 15
6 57
5 8
9 76
4 27
9 58
6 33
6 24
2 54
8 13
6 85
3 50
4 17
1 92
3 19
4 79
8 70
1 57
4 38
3 80
2 55
8 70
7 7
8 19
10 40
8 6
4 3
7 79
6 22
10 29
2 90
9 26
5 90
9 25
9 12
3 59
1 51
9 17
4 11
9 18
8 70
4 49
1 79
7 42
10 34
3 14
8 65
4 96
2 87
4 62
8 23
7 24
4 59
10 47
2 95
7 23
2 64
2 63
10 83
8 75
3 23
5 32
6 82
3 80
1 16
7 18
9 96
6 72
3 26
6 40
2 15
6 32
1 78
5 64
4 22
8 46
9 15
3 0
9 19
4 54
9 90
9 56
10 66
7 31
7 48
5 81
1 100
2 45
10 44
9 84
2 57
2 55
5 42
10 89
9 57
10 85
8 60
1 56
5 91
5 40
7 66
2 89
5 91
3 9
4 56
6 38
1 26
3 45
9 44
1 95
3 11
2 83
5 86
7 66
5 85
2 67
2 50
8 22
2 97
7 71
3 7
9 30
10 52
8 79
7 38
6 33
6 65
3 15
8 31
8 8
6 61
1 87
2 57
6 54
5 86
5 83
8 10
7 88
7 25
8 81
8 96
3 89
8 21
10 19
8 46
6 78
2 50
7 96
6 94
1 38
10 10
8 27
7 21
9 7
4 55
3 9
5 32
2 68
8 19
2 44
10 5
7 91
3 6
8 29
6 21
1 100
7 41
2 44
10 83
8 24
8 98
1 4
8 4
1 95
3 75
4 59
1 49
1 14
5 54
6 73
2 93
7 17
9 59
3 52
9 1
4 66
10 72
8 68
6 18
6 48
8 94
6 33
1 41
3 85
7 82
1 38
5 60
9 8
6 46
7 69
1 81
3 32
2 94
2 94
8 49
1 69
4 77
7 92
3 93
7 33
10 21
10 11
3 14
10 38
7 1
9 36
9 71
2 21
8 96
2 100
9 62
10 74
4 24
7 76
1 94
1 76
9 27
4 51
3 56
10 91
1 2
1 18
7 0
2 64
7 60
1 90
5 41
3 1
7 40
4 8
10 83
8 55
4 0
8 27
9 92
6 37
5 98
9 24
9 8
6 36
3 38
4 64
5 20
10 73
10 74
5 36
8 49
7 11
8 86
4 76
8 94
3 1
6 74
1 88
2 52
10 7
7 68
3 92
3 26
10 70
8 82
7 62
6 37
5 89
2 30
2 87
9 13
6 11
5 66
8 19
1 17
5 14
6 42
8 23
5 40
6 71
6 29
6 55
8 30
2 96
9 25
3 28
8 23
4 26
5 24
1 93
6 11
1 77
2 99
5 37
7 77
8 55
6 98
3 11
4 44
3 76
8 66
10 43
8 63
4 34
9 47
6 31
6 66
8 2
7 70
1 39
10 31
10 1
2 67
6 21
7 100
9 32
10 9
9 83
3 7
9 32
2 21
4 4
9 53
7 97
8 47
9 69
5 46
1 1
4 85
10 2
4 37
1 53
9 26
1 51
8 93
8 65
8 59
4 9
10 18
7 89
5 20
5 9
10 57
1 62
2 2
9 53
3 63
5 34
5 7
8 17
2 18
7 62
4 90
8 10
6 96
2 86
1 66
1 11
1 32
3 65
2 86
9 58
9 62
5 22
6 80
4 62
8 82
9 41
7 53
8 63
1 99
8 44
9 97
8 22
5 36
5 48
2 89
9 35
10 63
10 90
10 46
9 45
10 67
9 6
2 32
1 62
5 100
9 47
9 68
9 74
1 12
9 72
1 56
8 47
7 71
2 88
7 29
10 40
10 82
9 48
2 87
7 6
4 14
2 97
7 44
5 43
3 18
2 85
1 77
9 49
8 26
8 51
5 14
6 84
1 21
9 24
6 16
2 70
8 58
7 61
6 64
6 71
10 3
3 49
8 24
6 23
3 33
5 84
1 1
7 97
4 60
5 80
3 81
6 60
2 9
1 24
1 58
5 36
3 100
8 28
7 71
10 62
1 2
8 99
4 28
5 13
10 16
2 49
3 85
8 14
8 24
3 52
4 98
10 7
8 86
8 20
1 37
1 88
4 60
6 4
6 37
1 84
5 48
7 68
5 51
9 59
5 22
8 53
9 23
5 89
3 97
5 69
6 33
5 63
5 43
10 7
2 11
6 22
10 15
2 71
6 79
5 0
8 16
7 62
8 20
9 51
1 64
9 57
7 83
10 67
10 65
8 39
7 56
2 62
10 78
1 39
6 12
1 4
4 12
1 25
2 62
3 84
10 12
7 97
10 86
9 24
1 5
1 36
10 27
2 41
1 78
2 53
9 26
4 46
2 36
2 9
5 21
5 82
10 92
1 31
2 67
2 20
4 75
8 86
3 63
7 56
1 13
1 64
9 69
10 26
8 42
7 66
10 44
3 67
6 55
9 31
5 17
4 7
8 60
10 9
4 4
1 16
8 65
5 23
1 60
1 0
4 33
3 22
2 87
1 68
2 28
8 94
4 90
1 10
10 65
5 38
8 11
8 97
3 35
7 43
1 80
7 64
2 30
8 68
4 95
1 14
5 34
6 63
6 71
8 20
3 74
6 2
3 30
4 6
10 38
6 100
1 32
1 15
9 89
7 49
10 54
4 5
5 91
1 20
6 81
9 70
8 59
2 33
2 7
10 45
1 99
6 63
3 92
4 72
5 23
3 96
8 38
3 98
10 94
10 43
3 27
3 33
6 21
2 65
10 16
1 76
1 83
9 17
5 87
1 70
8 46
1 2
2 44
1 81
9 83
10 78
8 25
1 95
2 87
7 16
7 80
7 22
8 47
1 35
5 96
1 77
1 26
10 63
8 51
3 78
10 19
1 45
2 11
5 99
1 25
2 4
7 53
8 51
5 78
3 53
4 67
1 38
8 55
9 50
10 30
8 89
7 72
7 53
4 1
3 76
5 23
7 94
4 73
7 68
1 43
8 26
4 45
4 8
4 95
6 82
4 3
8 75
8 78
6 97
9 50
6 9
8 28
6 11
8 70
6 46
8 36
1 52
1 32
3 15
7 0
5 47
3 32
3 75
3 6
7 5
6 33
7 28
1 3
10 37
7 92
9 7
7 8
2 60
2 50
7 89
9 50
8 42
1 3
2 33
8 81
2 100
3 94
7 56
5 1
3 100
3 76
8 29
2 14
10 0
1 26
8 67
6 41
9 55
2 40
3 53
5 82
2 99
4 92
4 93
9 16
1 17
6 61
5 36
5 75
4 21
7 40
5 95
3 55
4 13
5 59
3 37
8 36
2 97
5 58
7 99
8 2
9 47
7 82
8 33
9 95
3 36
1 9
2 88
6 31
5 77
1 77
4 41
1 50
4 60
5 33
7 89
4 29
3 20
2 44
6 6
4 32
6 68
6 35
7 91
7 99
8 45
1 37
3 45
8 3
2 48
5 64
7 98
7 3
10 28
5 29
9 8
1 87
4 22
5 44
7 52
4 44
3 37
5 94
6 98
7 26
6 82
7 22
4 42
10 3
9 11
2 53
8 77
8 14
7 50
9 65
8 13
9 78
4 89
3 70
9 95
8 87
6 67
4 65
6 6
7 58
5 44
9 28
1 92
3 99
10 7
8 16
2 81
2 84
4 9
8 55
4 14
6 100
5 65
7 73
10 76
3 77
3 12
7 1
10 56
1 79
10 42
7 71
9 19
5 93
1 36
2 79
2 33
8 54
2 22
4 55
2 25
3 86
9 65
4 32
8 51
9 3
7 75
7 39
3 87
8 91
6 50
6 61
1 11
2 25
1 48
2 32
2 68
7 76
7 54
7 35
2 87
4 10
1 76
5 86
2 83
3 35
8 95
4 82
10 89
10 56
7 61
4 4
4 95
7 55
3 0
8 7
7 21
6 19
4 32
5 69
1 30
8 53
3 47
9 53
4 41
4 59
10 27
7 13
3 34
7 24
3 5
2 99
4 27
10 76
3 65
2 55
1 92
7 40
8 20
9 24
7 12
4 79
9 89
2 32
3 72
8 76
7 78
5 85
2 96
7 43
10 12
7 9
7 3
7 36
3 32
8 91
8 37
6 37
3 44
10 77
1 17
5 68
4 6
2 27
6 21
7 11
3 76
8 22
10 81
9 65
7 14
3 86
6 5
4 38
5 57
3 58
8 18
9 77
6 46
1 51
4 41
1 51
6 2
10 40
3 87
1 17
6 50
5 100
10 99
10 23
5 36
6 47
10 69
7 10
1 8
4 47
8 51
6 5
1 24
2 82
4 84
6 29
7 98
10 13
10 17
1 11
7 57
9 90
9 75
10 32
5 95
5 66
3 57
7 87
9 48
9 99
1 67
8 66
2 61
2 77
4 65
10 38
10 44
5 24
5 53
3 55
4 8
8 23
2 81
9 60
5 84
9 7
9 14
5 85
5 38
4 64
5 61
4 4
5 61
9 19
2 78
5 83
4 1
9 25
8 1
9 59
7 58
8 4
7 15
2 84
2 15
3 29
7 21
8 46
9 38
7 64
8 0
8 10
3 41
7 95
8 12
2 30
10 70
9 37
6 87
6 37
5 18
4 92
8 46
2 56
1 2
9 96
2 21
5 3
3 93
2 4
4 23
8 35
1 15
2 97
9 13
9 13
3 90
3 12
7 30
8 69
6 56
8 75
2 35
9 80
4 87
8 18
3 85
3 51
10 27
4 38
5 15
10 12
5 18
9 12
7 53
5 75
3 69
10 99
8 26
3 36
2 8
6 81
2 72
3 33
5 2
2 50
4 94
3 25
10 22
5 20
4 22
4 35
2 80
5 88
7 78
3 65
10 97
9 67
1 96
10 23
5 32
4 49
4 66
10 34
4 14
3 3
4 6
3 23
3 34
5 0
8 1
2 97
2 33
10 46
2 76
9 90
5 38
3 97
10 88
10 69
6 91
7 17
2 89
9 14
10 40
7 41
4 47
10 21
4 94
2 98
8 14
4 46
1 0
4 23
2 77
7 32
2 3
6 67
7 61
3 10
10 71
8 26
6 21
1 97
1 49
4 58
1 18
9 97
2 26
3 57
8 33
2 18
10 94
8 27
2 57
9 60
9 71
4 12
7 84
1 26
8 19
6 71
5 34
5 53
5 84
9 23
1 65
5 39
5 13
9 75
7 73
8 78
8 100
2 61
9 50
1 71
8 70
1 84
9 18
5 84
4 26
7 31
7 41
2 21
8 62
2 5
5 38
2 15
9 55
8 26
3 22
6 39
6 65
8 90
2 24
7 26
6 10
9 65
3 53
1 28
6 68
1 73
10 37
9 36
10 68
1 57
9 80
2 46
4 82
5 97
10 86
3 58
9 63
9 40
8 6
3 25
10 21
9 72
5 84
7 70
3 52
7 45
9 35
7 55
9 46
9 60
7 48
6 14
9 47
9 76
4 41
3 8
3 19
2 74
4 96
2 18
5 79
10 13
6 17
8 44
6 77
7 60
9 28
3 93
9 23
8 26
8 67
3 9
1 62
6 4
6 59
4 29
2 21
5 69
3 37
1 98
4 40
4 37
3 99
6 11
1 37
8 17
1 63
6 65
2 67
6 53
6 23
6 92
8 80
10 4
5 80
8 61
3 16
10 31
10 36
10 34
7 93
3 65
5 38
8 28
3 3
10 18
8 100
3 38
8 54
3 6
1 10
9 38
9 11
4 12
1 2
5 31
8 5
10 33
8 52
4 0
10 77
8 64
3 8
5 8
2 36
6 83
5 54
3 42
10 61
2 1
3 22
4 61
4 1
4 33
3 54
8 39
2 40
8 56
2 84
3 19
6 93
2 31
2 13
7 40
5 48
6 53
9 48
1 98
8 45
5 26
4 5
10 77
10 4
10 43
1 53
3 47
5 30
2 44
9 1
1 14
1 27
4 94
4 13
1 44
6 29
4 84
6 100
3 93
1 25
2 79
6 64
1 30
8 56
4 56
2 70
9 53
7 88
3 53
8 76
5 38
6 28
9 56
3 88
5 61
8 62
1 74
6 26
1 58
6 55
2 74
1 77
8 28
5 83
4 25
1 60
4 60
9 28
9 24
2 22
9 35
1 27
2 66
4 46
4 80
8 68
8 5
10 64
6 19
5 51
10 35
3 31
3 58
4 73
5 84
3 21
5 53
7 19
6 15
9 5
1 90
10 22
4 5
10 55
3 60
9 13
1 81
8 69
7 71
5 86
1 39
9 60
5 13
6 58
3 48
1 19
9 88
6 68
3 92
9 94
3 76
1 36
6 52
1 12
5 81
8 21
2 2
9 17
3 70
3 38
6 97
1 5
6 41
8 19
2 88
6 47
7 80
2 40
5 6
9 7
2 9
3 27
1 9
3 13
5 42
1 23
8 16
10 69
10 60
6 80
9 68
5 20
4 81
5 94
5 15
5 6
5 61
7 98
1 16
9 20
9 78
6 25
1 48
7 46
2 0
7 38
3 19
4 80
9 28
3 96
5 32
5 42
2 72
3 40
7 5
3 98
5 80
2 52
7 33
4 89
4 99
10 14
2 27
4 79
1 77
10 34
6 51
5 14
8 73
2 68
4 84
3 67
7 42
4 23
10 62
10 46
10 72
1 93
3 8
9 47
1 7
7 13
7 71
7 56
6 86
2 68
5 70
10 59
8 36
7 69
6 80
2 93
2 31
5 87
7 2
4 59
7 37
8 25
10 5
8 27
4 24
2 5
1 54
8 55
10 38
9 50
2 22
9 18
1 25
1 40
7 24
7 15
8 19
7 91
4 92
6 2
9 30
4 55
3 74
4 58
9 30
9 69
6 80
10 44
2 30
3 54
9 50
10 36
3 90
5 93
2 23
1 96
6 46
8 82
9 53
2 64
10 0
5 26
7 7
7 7
10 81
1 61
8 97
5 65
3 20
2 15
10 13
9 33
6 31
3 14
9 87
6 94
9 39
2 20
1 22
2 44
3 89
5 16
2 6
8 99
2 45
10 5
7 72
1 17
7 8
7 5
8 53
8 31
10 84
9 1
6 55
2 31
8 55
1 20
10 77
7 80
5 40
10 39
3 18
9 75
3 7
9 59
2 63
7 74
5 71
3 3
2 53
3 40
7 21
3 82
2 21
7 28
6 27
1 41
7 16
8 81
10 61
1 1
4 94
8 53
9 23
6 13
8 12
9 81
4 68
4 68
1 42
7 56
1 7
2 34
3 81
5 74
2 4
1 46
2 31
3 38
10 57
7 31
8 9
4 8
10 46
3 19
6 75
4 59
3 7
7 9
3 61
3 52
5 5
10 15
2 35
3 16
5 28
7 61
4 21
6 96
7 13
6 97
1 93
7 26
2 39
3 28
1 58
4 2
6 28
5 66
8 51
2 63
5 100
2 92
4 6
8 86
6 42
9 87
5 98
8 84
8 30
4 72
7 92
4 1
2 97
3 97
4 92
2 33
4 39
3 37
10 46
8 17
4 41
6 51
4 81
9 29
8 45
8 27
4 75
10 85
3 1
3 63
1 73
1 17
10 10
6 10
7 12
3 45
3 17
2 63
7 76
1 93
5 0
1 68
7 35
9 81
1 68
9 66
2 72
6 62
2 51
2 19
10 4
2 65
3 23
4 95
1 88
7 81
3 29
7 9
5 40
5 27
8 67
2 43
5 64
4 25
7 57
6 9
7 21
1 40
5 74
9 62
5 54
4 3
3 87
10 62
8 80
2 19
10 44
1 19
4 90
6 98
8 18
4 21
1 58
5 34
6 90
10 73
10 61
9 86
9 76
2 7
6 8
9 42
1 21
2 6
7 92
3 74
1 74
3 45
10 5
6 98
1 14
1 40
10 26
8 83
9 50
8 90
7 30
7 91
8 70
6 0
7 29
5 45
2 61
1 91
2 1
4 68
1 38
6 17
1 31
5 66
2 89
6 99
3 87
9 59
3 94
6 5
8 26
9 6
3 82
1 9
4 97
5 59
2 4
7 97
5 26
2 90
10 1
1 98
9 59
2 48
3 24
1 94
7 38
10 99
9 95
5 87
2 8
1 97
6 38
4 49
4 78
7 16
6 72
5 88
4 54
9 79
9 9
2 50
10 6
4 13
1 89
5 79
8 94
7 63
6 20
6 94
6 48
1 32
4 2
4 17
7 44
5 30
3 99
9 89
1 11
3 92
10 73
6 32
8 30
7 61
1 34
4 60
9 8
9 66
6 69
1 45
7 41
6 41
6 24
9 29
3 83
8 10
4 34
2 91
7 17
7 2
7 36
1 66
6 88
2 84
3 75
8 69
1 76
10 24
6 28
9 48
7 87
9 31
9 21
9 9
1 89
10 46
7 25
6 70
10 71
1 34
1 6
7 85
9 49
2 31
7 79
9 36
10 18
6 52
2 1
5 92
9 94
1 100
8 2
5 8
2 84
6 28
7 49
8 89
6 75
9 92
9 42
9 92
8 66
4 39
4 14
6 50
7 21
7 98
8 18
6 36
6 96
3 37
3 34
5 26
8 39
1 7
9 55
10 19
3 89
6 100
6 95
2 16
8 45
4 6
5 59
4 11
5 48
5 76
2 89
7 39
3 15
7 12
1 38
8 45
2 29
10 18
3 29
9 21
1 17
2 12
7 77
9 43
7 35
5 20
3 52
6 89
3 78
2 92
7 1
7 40
7 40
9 19
4 97
5 68
10 52
9 14
10 99
3 3
9 83
6 70
2 21
4 46
10 80
2 83
1 85
6 31
9 48
8 94
6 50
5 86
7 92
4 37
9 8
1 65
5 68
3 77
1 77
9 90
1 8
10 50
7 88
10 16
10 22
5 85
3 97
10 61
2 17
7 59
6 30
2 79
10 71
2 11
5 90
8 48
4 97
4 66
2 73
1 100
7 18
1 81
8 0
6 5
9 65
8 71
1 78
3 94
1 38
5 33
4 5
9 82
5 14
7 23
2 35
2 45
4 88
3 93
5 46
3 48
2 24
9 9
3 96
9 54
8 77
1 0
8 100
6 61
4 97
7 10
5 40
4 18
4 1
2 4
1 59
2 9
6 26
10 42
8 86
7 28
3 54
6 63
9 88
5 45
4 100
1 71
6 69
8 10
8 53
3 90
7 1
8 63
6 22
6 46
1 21
10 22
5 38
3 57
1 70
8 96
5 92
9 56
3 35
1 99
3 75
8 75
9 31
6 51
5 32
8 81
7 35
4 12
3 25
2 8
8 74
5 31
4 65
10 27
3 51
1 53
8 73
5 8
2 38
1 28
4 32
10 47
3 44
4 77
6 60
10 17
5 77
7 86
4 84
6 83
9 100
5 58
3 32
3 69
6 3
10 22
5 30
7 8
4 86
9 47
6 60
2 92
10 91
9 18
4 80
5 15
8 90
9 48
6 40
3 81
10 31
1 5
3 90
7 9
3 26
7 84
1 97
2 10
8 55
9 94
6 6
9 27
8 80
4 44
3 85
1 26
7 75
9 47
4 22
2 10
6 17
10 41
10 10
6 11
6 45
9 37
8 78
8 12
6 87
9 10
3 57
4 48
7 35
3 96
6 36
9 99
6 39
1 5
7 22
1 29
6 40
8 94
5 39
7 11
5 38
6 71
10 15
9 37
1 51
2 19
7 32
8 52
9 95
5 17
5 87
1 87
7 46
3 77
7 43
1 78
4 97
3 47
3 31
2 44
6 3
9 30
3 21
6 61
8 34
3 5
9 27
9 99
6 3
4 95
7 46
3 27
3 55
5 29
7 33
1 60
7 41
4 16
10 10
3 51
6 90
2 64
2 66
5 31
10 17
9 67
7 80
2 38
7 79
10 5
7 0
10 59
1 78
10 75
6 15
4 43
8 66
8 57
7 15
5 26
1 9
6 74
9 45
7 13
2 41
5 54
5 90
2 58
8 39
9 54
7 34
10 34
4 83
6 7
5 1
2 34
2 45
4 43
1 31
2 93
9 6
7 1
9 40
9 35
4 98
8 73
6 52
10 95
5 89
2 60
10 51
8 94
3 43
7 28
6 86
7 25
10 78
3 40
9 27
3 40
7 68
6 48
4 50
2 97
10 17
5 39
7 62
10 86
9 40
4 97
5 0
1 29
6 30
2 39
9 69
4 61
10 56
1 36
9 25
6 28
3 4
6 78
10 81
4 77
6 31
7 81
8 37
10 72
7 93
6 87
7 63
9 46
5 1
1 97
5 59
9 65
3 88
9 22
3 21
7 92
4 3
9 22
2 86
1 28
6 62
10 64
1 19
1 38
4 91
7 75
3 88
1 46
10 89
10 68
6 74
8 77
7 81
3 70
2 21
6 28
1 45
5 95
2 43
4 27
5 66
1 93
2 61
1 48
2 72
2 54
4 54
7 56
6 68
3 55
3 17
7 34
10 92
4 4
10 31
1 82
5 83
2 56
10 96
4 51
7 96
6 87
4 2
7 12
5 92
2 15
6 79
4 3
10 89
5 93
5 13
7 29
6 26
1 33
6 52
1 21
10 6
6 31
3 30
6 32
8 80
2 97
2 87
6 89
2 27
9 39
9 29
1 99
3 93
2 18
10 85
2 72
2 14
8 92
10 60
8 19
2 87
4 10
4 38
2 95
3 32
7 25
10 60
10 38
3 88
9 48
1 91
1 31
1 35
5 28
6 75
4 40
6 10
8 91
1 0
10 31
10 47
7 64
2 81
6 31
8 60
7 69
9 97
7 87
4 75
1 86
10 70
1 31
2 66
4 36
5 71
7 69
10 28
6 0
5 64
8 63
2 41
4 67
7 99
6 75
6 38
8 77
3 89
2 73
6 47
7 46
9 91
1 22
8 85
10 88
10 19
10 36
2 4
4 31
5 79
6 0
8 2
3 20
4 23
2 10
9 40
6 49
1 58
3 76
10 37
3 69
8 72
4 46
8 100
9 15
2 95
7 78
1 58
2 97
7 91
7 33
6 89
6 99
7 46
5 48
9 53
8 51
9 74
4 7
5 46
1 57
9 16
2 14
8 58
9 37
2 85
9 50
1 7
7 100
8 5
9 100
9 21
8 100
10 0
6 72
8 26
2 22
9 80
10 2
3 96
2 70
8 88
4 57
9 67
2 48
6 54
2 57
7 86
4 74
3 82
3 91
1 49
3 22
6 42
1 45
2 53
2 40
3 45
8 67
4 81
7 47
10 31
6 56
10 70
6 74
4 91
10 96
7 44
5 88
8 60
4 2
2 69
7 83
1 35
4 4
3 52
4 61
2 86
6 36
9 9
10 27
6 78
8 85
5 71
1 77
5 20
5 37
2 85
6 71
2 88
1 34
7 79
8 95
3 76
8 91
10 51
3 53
8 32
6 86
10 100
3 51
2 75
7 85
10 47
10 7
9 60
7 52
5 45
2 51
5 71
9 5
1 21
7 6
9 14
6 66
8 90
3 98
6 70
10 99
7 63
4 64
1 48
2 8
10 47
8 27
1 17
4 43
3 48
6 78
7 16
7 68
7 8
1 40
6 21
8 66
5 32
3 95
2 34
8 69
4 23
3 9
8 10
4 39
9 28
9 0
9 23
4 47
4 5
3 59
4 36
3 73
8 83
7 67
9 90
2 74
7 40
1 28
6 54
3 15
8 88
10 82
8 91
6 95
5 98
10 38
5 52
4 54
10 83
6 75
10 66
1 43
10 98
9 51
4 91
1 32
7 78
6 48
5 51
7 91
1 98
2 51
3 16
7 46
9 34
9 65
7 66
2 85
6 15
9 40
7 93
6 1
8 98
9 100
5 32
2 26
1 8
1 60
3 96
5 19
7 11
8 13
6 46
8 2
1 82
2 97
2 9
2 78
9 85
3 50
5 38
2 74
3 55
2 32
6 6
5 61
3 55
9 64
3 14
1 47
3 93
2 98
4 84
4 0
1 56
9 28
3 43
2 11
4 15
8 80
4 33
3 54
2 59
9 58
2 44
4 94
1 90
1 18
1 61
6 1
2 5
2 31
8 81
8 49
3 62
8 39
7 81
4 22
10 27
2 43
5 0
4 96
6 32
1 16
7 81
1 3
4 37
7 99
5 26
5 99
5 67
4 15
10 31
6 18
10 100
5 95
3 60
8 56
6 36
10 51
8 62
7 37
5 6
1 56
10 39
9 95
1 24
10 24
9 35
5 82
8 6
5 48
4 86
10 34
3 54
8 73
2 12
10 47
3 97
1 6
7 63
10 95
6 43
4 81
1 72
1 59
4 81
9 44
7 44
9 45
7 30
9 35
2 35
7 50
10 15
4 24
9 88
8 51
7 12
9 80
7 68
2 96
8 86
2 32
9 19
1 89
10 88
10 98
1 6
3 72
7 95
1 19
8 16
10 85
2 1
8 59
6 97
2 39
1 53
1 35
2 36
4 42
9 20
10 55
2 11
6 23
3 31
5 18
5 51
3 40
3 98
6 94
1 17
10 95
7 5
9 54
7 60
8 71
5 67
6 62
7 78
4 5
6 75
1 37
1 46
2 23
3 33
5 3
9 64
7 13
4 2
10 62
7 93
3 14
8 71
10 91
4 17
2 14
1 29
8 54
9 10
5 13
4 79
3 46
1 99
9 69
9 22
4 83
10 16
2 80
3 27
1 7
9 1
9 63
8 62
6 44
5 80
5 51
6 4
7 29
7 25
7 57
5 32
10 85
2 17
3 29
5 65
3 92
8 9
4 58
9 84
3 3
4 20
9 44
7 30
10 24
1 64
9 34
9 1
1 16
7 89
3 1
6 20
7 69
4 39
9 57
7 87
10 90
10 25
1 1
8 80
9 72
10 67
10 77
7 94
6 74
1 14
9 72
7 45
2 98
7 7
8 54
5 79
8 12
7 5
9 26
7 50
3 16
4 81
8 80
8 54
3 12
5 49
6 73
3 64
6 11
3 87
8 82
4 47
3 5
5 62
5 87
1 33
10 66
5 96
4 61
2 26
10 3
9 70
3 96
2 29
10 18
10 14
9 10
5 5
4 3
7 30
7 54
9 7
5 23
10 48
2 72
5 19
9 3
3 9
1 2
8 11
2 60
6 87
2 1
5 24
2 21
10 74
5 100
1 57
6 89
7 22
2 44
9 46
9 23
10 97
10 36
8 68
7 77
7 2
4 33
8 90
8 36
8 8
5 36
7 19
5 9
2 92
8 43
3 48
8 8
9 73
9 54
8 40
6 26
4 18
9 43
8 53
1 75
4 84
2 22
6 53
6 81
5 11
4 4
8 91
4 40
4 57
7 73
4 35
5 39
2 78
9 5
7 78
4 59
1 29
1 75
2 84
1 15
10 85
8 39
3 16
9 66
6 9
2 73
7 3
5 79
3 22
1 85
10 49
5 69
4 37
1 80
1 21
3 9
5 35
4 79
9 29
6 30
8 93
3 8
6 57
7 7
2 97
1 68
10 37
6 58
9 45
10 9
8 2
7 21
5 43
1 59
8 59
3 56
8 89
2 92
6 58
3 32
2 94
10 57
8 18
4 71
8 94
4 18
1 42
2 79
6 97
7 32
1 15
9 16
1 37
7 16
2 15
1 16
10 41
5 26
7 59
9 37
7 68
5 15
4 10
4 17
8 52
8 63
5 0
10 23
3 35
4 86
2 18
6 85
8 96
4 5
9 80
3 5
8 11
2 31
9 49
1 87
2 5
2 92
3 68
8 70
9 15
1 69
7 75
7 14
10 100
6 8
6 53
8 66
2 72
10 95
6 85
7 14
5 64
1 21
7 84
3 85
9 55
4 4
9 55
1 90
3 25
10 86
6 81
2 40
3 8
4 17
9 49
2 4
9 71
1 71
1 33
1 52
10 19
7 48
9 82
7 51
10 7
9 8
7 48
9 21
1 81
7 22
1 37
4 40
5 4
3 4
9 72
7 69
5 76
3 34
1 7
9 48
3 35
9 83
9 60
10 35
1 76
7 64
1 53
6 51
7 77
8 32
10 21
10 23
2 21
10 96
10 65
4 5
4 39
7 13
9 81
4 86
6 40
2 41
2 35
7 6
6 34
10 10
8 88
4 47
7 87
10 25
4 19
7 89
2 2
8 2
9 98
7 60
5 44
8 42
5 49
3 21
10 0
10 48
8 27
8 89
1 42
6 14
3 77
6 74
8 69
8 25
1 86
6 99
3 41
7 95
1 77
5 73
7 12
9 80
2 58
3 67
2 15
10 77
7 9
1 36
1 96
1 12
3 77
7 12
7 2
1 67
9 96
10 19
1 19
8 51
8 76
5 82
6 49
9 27
3 1
3 43
2 48
5 90
4 59
10 3
5 10
6 38
1 76
4 82
9 79
8 54
9 41
3 65
7 97
4 11
9 11
5 56
5 82
6 83
1 5
3 72
8 88
6 90
10 54
5 24
8 96
1 11
1 16
8 63
9 73
7 40
3 90
8 84
10 56
1 33
10 23
7 70
10 40
9 40
10 50
7 35
5 9
7 40
2 18
1 35
4 94
2 57
4 89
5 71
3 10
1 22
8 2
8 97
4 8
10 90
9 90
5 100
5 74
6 27
3 100
7 19
3 12
8 68
10 63
8 88
1 2
3 39
4 7
2 44
5 15
8 32
8 91
8 22
8 98
7 90
5 82
2 36
8 11
3 85
7 93
4 3
9 1
2 92
8 59
10 13
2 15
8 62
5 65
4 36
1 80
3 68
9 38
1 76
4 9
9 80
7 50
6 100
5 18
4 0
3 13
2 69
1 95
6 27
8 69
8 29
3 80
3 68
9 73
2 32
1 72
9 50
8 67
8 18
7 83
10 79
4 35
6 100
8 2
2 76
1 65
4 29
5 86
4 40
5 87
8 91
7 66
7 77
4 40
2 75
8 3
9 33
6 51
9 46
2 47
2 81
1 71
3 41
1 36
10 18
9 91
2 38
2 55
6 75
6 69
6 52
10 76
1 65
3 17
2 25
5 26
3 9
10 95
5 6
1 28
2 6
7 10
2 51
10 56
1 43
6 98
1 55
4 53
9 30
2 75
10 34
3 68
5 77
5 81
8 66
8 48
6 82
5 20
6 53
4 92
2 1
4 96
7 28
3 15
4 84
1 14
10 27
3 12
3 83
7 66
4 1
8 19
4 81
10 71
3 20
8 12
4 45
6 20
8 32
5 29
3 59
10 14
1 81
6 50
1 38
9 53
7 10
10 79
4 98
1 18
2 86
7 67
7 11
10 73
4 93
1 27
1 90
8 61
10 55
2 27
5 93
5 57
10 73
9 43
4 94
8 61
2 43
8 47
6 34
5 85
3 16
4 56
5 62
2 60
5 24
7 50
5 65
9 3
7 74
6 70
8 74
2 95
7 98
7 46
10 2
2 91
6 48
5 31
5 81
3 19
5 15
6 81
4 11
3 80
2 85
10 61
3 29
2 49
6 51
2 62
1 9
9 39
7 93
4 54
4 53
2 38
3 64
7 39
8 70
4 70
6 99
7 58
4 75
10 25
4 66
4 75
3 46
9 51
3 45
9 20
2 3
10 38
6 15
3 99
3 84
3 13
6 78
5 91
6 100
1 79
3 51
5 31
1 55
2 40
5 26
4 91
10 62
10 49
3 32
8 26
8 26
1 69
1 75
8 44
1 74
8 47
4 77
1 27
3 61
2 34
10 20
4 94
9 91
5 99
1 86
1 88
1 85
10 92
5 58
1 43
5 74
4 87
5 88
9 96
7 12
5 97
7 32
9 39
10 88
2 84
10 53
9 88
8 64
4 11
8 83
3 22
7 81
3 76
4 22
10 76
10 70
9 92
1 42
2 4
2 86
6 18
9 91
1 10
8 61
3 23
8 18
8 69
10 40
1 91
8 50
4 54
7 47
8 86
9 45
6 53
9 67
8 10
4 22
7 88
5 1
9 99
1 92
10 86
3 31
8 92
8 67
4 47
7 1
4 91
8 38
9 93
10 23
5 40
10 41
1 22
1 58
2 84
8 2
2 33
7 92
3 38
6 95
2 66
9 43
3 93
5 98
4 95
2 96
3 56
9 19
4 83
7 12
1 26
10 91
1 98
7 85
10 10
3 9
5 3
7 71
2 11
9 9
5 82
9 4
5 61
3 1
2 13
1 97
8 28
3 31
10 46
8 34
4 20
4 56
7 65
2 66
7 21
5 14
10 79
2 80
5 11
2 27
10 17
6 8
3 75
2 38
3 88
2 97
8 82
5 2
7 35
2 3
2 55
9 53
8 24
8 64
2 85
3 60
8 16
6 30
3 24
10 65
6 54
6 77
8 76
1 71
2 27
8 51
2 7
2 91
8 60
9 21
10 28
6 76
7 99
10 30
4 79
1 5
5 72
7 49
10 73
6 78
4 10
9 20
2 47
6 27
2 84
4 3
5 10
3 51
7 71
10 13
10 13
3 93
4 65
3 98
2 36
8 36
9 57
6 58
10 82
6 59
6 41
6 82
6 24
6 16
8 12
7 44
4 87
4 79
7 56
5 38
9 48
2 27
2 78
7 78
7 96
4 30
3 23
8 19
2 53
9 83
2 5
10 36
7 82
6 5
5 67
3 25
4 60
5 25
9 38
4 31
2 7
4 1
9 50
7 39
10 12
4 29
2 17
1 89
10 92
5 45
1 53
4 95
4 10
6 99
5 60
1 45
6 46
8 29
3 46
3 85
8 21
8 86
9 90
1 1
5 88
3 36
8 32
1 58
10 73
2 2
1 33
3 18
1 93
5 76
4 73
6 36
3 47
6 44
6 66
4 83
8 60
10 57
5 79
4 37
2 95
6 21
5 30
2 23
3 69
3 83
4 22
2 71
2 42
6 0
8 21
7 95
6 8
1 8
8 57
9 33
2 48
9 35
7 92
6 21
6 86
9 30
8 90
9 20
9 62
5 95
9 42
1 20
10 93
7 72
10 45
8 27
10 51
2 65
10 14
6 70
10 23
2 4
10 47
1 15
5 34
8 45
5 22
2 36
7 17
2 89
5 87
3 12
1 55
7 37
3 7
1 12
5 8
3 16
4 26
4 0
10 23
8 58
5 53
10 6
6 52
8 34
3 15
1 28
6 74
5 81
7 78
3 5
8 83
6 21
7 82
9 29
5 88
4 52
6 50
6 41
1 46
6 20
2 81
4 99
9 87
2 22
7 99
6 49
6 29
9 76
4 62
6 53
2 27
10 94
2 39
6 20
4 46
4 4
3 84
10 47
5 73
8 5
1 72
6 75
10 47
9 19
9 48
3 38
8 33
10 65
5 58
4 74
3 51
7 86
8 58
4 58
7 2
8 59
6 63
10 21
9 76
9 27
1 36
7 72
5 46
6 45
7 75
7 42
10 55
1 6
6 62
10 75
3 48
8 65
2 84
8 14
3 15
9 14
1 70
4 44
7 83
4 98
3 43
6 80
7 51
7 30
5 18
8 75
5 2
2 37
6 38
8 58
9 45
7 94
9 43
8 60
5 100
10 41
7 89
6 49
6 98
2 39
6 87
1 76
2 2
6 20
8 83
10 14
9 85
10 45
5 85
5 88
7 0
8 38
9 23
9 63
7 86
9 41
5 29
8 98
3 63
5 10
5 75
8 33
3 64
10 100
3 21
4 65
6 7
5 61
7 83
7 51
4 33
7 86
1 78
9 73
8 45
5 82
10 51
4 10
3 62
7 95
1 58
9 68
4 20
7 97
5 34
1 0
7 80
6 39
5 14
6 29
6 92
7 70
3 30
2 79
2 63
1 94
9 16
9 66
6 82
4 93
4 43
8 60
1 0
3 91
6 63
6 8
4 20
2 32
8 51
8 2
8 34
9 74
10 99
7 47
4 83
10 58
4 40
4 85
10 100
6 30
3 21
3 90
4 39
2 72
6 19
1 71
4 27
1 17
5 98
2 97
6 1
6 75
9 33
3 17
10 58
2 14
6 66
6 76
3 43
7 26
10 67
4 85
4 35
3 15
2 21
5 74
4 79
7 46
4 28
8 33
3 2
4 48
4 32
8 14
8 30
5 5
7 48
5 91
7 82
3 69
8 10
7 17
2 38
5 78
8 3
3 6
10 33
4 9
8 28
8 92
4 20
9 43
9 34
4 73
2 75
7 42
5 74
8 32
5 79
1 42
8 16
5 45
8 30
2 31
5 57
2 27
3 65
2 38
6 9
1 90
3 64
4 35
4 34
2 58
9 15
7 99
2 85
3 99
4 47
9 79
3 84
3 88
2 22
4 48
5 13
3 88
5 56
2 61
4 10
3 31
10 31
4 91
5 90
7 38
4 78
9 40
8 10
4 45
9 58
9 79
8 21
6 64
3 59
8 91
4 83
10 55
5 54
5 12
1 78
4 25
6 96
9 90
10 53
3 72
4 87
10 98
6 78
7 28
6 71
5 96
7 71
1 52
7 16
7 17
6 74
7 27
1 3
7 74
1 80
2 54
5 97
9 83
10 42
4 7
7 73
1 53
3 36
3 70
8 61
2 27
7 9
3 21
4 3
3 100
6 58
3 78
5 79
5 57
10 60
10 51
8 35
7 9
5 12
10 91
2 46
7 24
3 70
6 4
7 4
6 41
5 14
6 9
2 95
9 73
2 9
1 94
5 79
4 4
10 62
3 86
4 54
9 70
10 14
4 73
3 78
1 46
4 58
1 71
2 19
2 69
1 80
8 42
7 11
8 11
1 48
5 69
3 0
1 9
7 90
6 94
8 65
7 84
7 17
6 25
4 31
2 38
10 21
6 13
8 26
4 14
3 32
5 49
5 97
10 29
10 47
6 33
3 6
7 56
6 40
6 28
2 97
1 9
7 51
10 56
2 82
1 93
2 16
9 21
5 20
8 78
1 59
4 47
1 57
5 20
8 67
2 75
4 14
7 59
1 83
7 97
5 84
7 83
3 28
9 15
2 80
7 58
7 16
1 29
5 35
8 58
3 59
6 65
5 24
1 74
6 5
9 20
10 78
7 51
4 25
7 60
5 48
9 40
2 81
5 31
7 82
1 46
10 44
4 26
5 13
8 31
4 66
10 80
8 41
7 45
3 27
8 27
3 31
3 27
6 47
5 14
6 16
6 77
3 38
9 27
7 31
7 11
10 25
2 35
3 62
6 17
9 68
8 35
3 31
1 93
1 30
6 13
7 16
6 45
2 1
2 96
3 4
6 44
2 21
4 54
2 36
5 21
9 99
9 83
4 12
2 33
4 63
4 80
3 56
1 98
5 21
2 44
1 73
3 2
2 35
3 33
7 46
1 8
8 40
2 72
2 29
6 0
9 41
6 29
9 30
7 26
8 8
6 62
7 41
10 61
8 41
5 1
7 43
1 75
6 33
5 72
8 90
3 81
6 33
9 79
9 82
1 41
10 72
10 46
1 21
8 31
7 67
2 86
8 32
1 5
4 58
2 7
6 6
9 62
5 69
1 52
9 20
1 92
4 12
5 34
6 85
10 56
9 96
7 57
4 60
10 42
3 37
7 18
5 2
8 96
9 12
1 47
2 32
4 0
10 93
2 83
2 100
4 13
10 1
8 14
6 65
6 57
1 16
3 5
3 75
6 64
9 70
2 16
8 55
5 13
8 13
7 20
3 7
2 66
5 23
8 60
9 43
2 35
3 43
5 28
7 61
2 94
2 16
9 95
6 49
4 38
5 78
9 44
7 4
8 44
7 38
7 2
4 78
4 44
4 86
7 98
7 4
1 36
5 54
6 49
7 21
5 80
8 79
10 86
8 78
6 69
3 2
1 46
9 97
4 36
3 21
1 61
7 26
3 87
7 38
4 20
9 58
9 34
9 28
1 81
9 29
10 65
1 54
1 66
8 86
4 69
3 40
7 72
10 86
5 55
1 87
9 56
8 7
2 7
8 87
1 97
8 22
7 47
8 62
5 83
3 12
3 31
4 2
9 53
7 95
8 95
2 2
3 16
2 46
4 92
6 89
9 85
2 38
2 49
7 85
4 41
7 49
9 81
8 29
3 56
8 44
3 80
3 42
9 77
5 90
7 0
6 10
3 37
6 54
4 9
8 89
2 71
7 23
2 10
10 83
2 17
5 25
1 31
1 13
2 78
7 73
3 8
4 65
3 38
1 2
3 70
8 22
10 84
7 39
2 48
8 66
2 71
4 81
2 60
8 78
7 15
10 6
1 94
8 14
10 99
8 73
5 64
3 15
5 34
7 0
4 55
10 59
6 42
7 81
8 32
10 60
2 66
2 77
8 33
10 79
3 95
3 92
1 61
2 92
4 33
6 83
1 95
6 41
3 21
7 7
3 34
6 49
10 77
7 96
4 55
5 9
9 52
3 34
3 90
9 40
10 31
4 76
1 85
10 59
8 62
4 27
8 85
10 9
9 9
10 27
4 5
2 12
4 5
2 30
9 94
9 83
4 3
2 55
2 42
10 54
4 21
9 98
8 69
1 6
8 35
3 18
3 29
3 65
8 25
2 98
10 77
2 23
9 63
1 49
8 96
6 90
8 73
1 53
9 57
4 10
2 95
7 11
6 90
2 64
3 27
5 96
1 72
9 80
4 4
1 18
5 30
7 81
4 65
10 61
10 35
9 6
5 18
7 0
10 36
8 89
4 97
10 27
10 55
10 20
4 41
3 6
9 23
3 61
8 36
5 38
9 29
8 59
1 69
2 72
2 58
5 71
3 43
4 0
5 65
9 17
3 14
3 11
3 81
5 50
1 8
5 93
10 95
7 9
5 85
1 60
2 24
8 66
4 15
3 79
3 18
8 80
7 83
9 14
3 86
2 63
7 48
9 75
9 71
5 45
3 63
1 49
5 20
7 74
3 49
9 5
10 72
1 61
9 97
5 94
2 35
2 50
5 67
3 19
9 88
9 56
1 72
5 38
7 95
3 56
8 58
2 5
3 88
2 61
8 81
9 73
4 87
8 79
6 88
4 90
7 10
6 59
10 5
3 85
5 78
1 30
4 29
9 24
7 2
7 59
7 92
6 13
6 100
7 40
3 13
5 86
8 0
4 64
2 69
8 64
5 32
8 35
5 3
4 16
8 82
3 12
10 75
4 82
3 99
5 36
10 71
5 97
5 19
4 20
10 2
9 61
8 15
6 7
10 40
3 80
5 11
1 76
4 7
1 42
2 20
9 15
7 65
10 72
6 93
9 17
10 23
5 85
5 87
1 55
5 92
8 32
7 68
5 22
4 38
8 33
4 51
2 51
5 82
7 97
4 60
10 75
7 42
10 17
10 28
6 87
6 92
1 97
8 76
6 18
8 12
4 14
10 24
3 31
8 24
4 26
1 74
9 57
6 60
1 95
8 10
9 26
4 38
3 15
4 13
5 5
8 62
1 37
7 88
2 21
6 79
7 18
4 40
9 100
3 12
2 85
1 88
1 40
3 92
9 34
7 41
4 50
2 87
5 72
1 85
8 14
7 95
7 63
6 49
5 95
8 6
1 56
7 99
3 91
3 100
5 91
9 88
5 85
7 41
2 86
7 86
1 31
8 97
1 35
10 11
7 37
6 73
4 21
8 28
4 49
7 14
1 49
4 52
5 28
9 52
7 39
1 42
6 57
1 81
8 74
3 94
2 76
9 75
3 5
2 14
8 25
2 25
2 55
8 11
9 22
10 17
1 64
8 35
8 50
5 62
7 76
8 77
6 8
1 31
7 67
7 20
6 81
7 92
1 40
9 100
3 61
7 5
9 10
6 17
10 24
8 17
10 72
8 42
8 62
5 60
6 93
4 25
8 70
2 85
9 25
2 35
8 96
7 21
10 30
10 75
10 9
2 10
7 82
3 5
10 44
7 97
1 19
1 46
7 77
3 26
5 77
1 16
1 26
9 33
10 26
9 2
6 5
5 4
3 87
10 95
9 67
10 76
10 17
9 73
9 21
3 57
2 59
2 90
4 90
4 11
5 78
7 8
1 91
10 15
9 92
8 30
1 23
9 100
1 5
9 69
10 80
7 12
7 47
1 63
7 35
1 28
1 54
3 61
7 39
5 80
4 2
8 85
6 22
4 63
4 96
7 74
6 30
5 4
3 41
10 3
2 67
5 89
4 24
4 66
2 41
1 86
2 50
4 36
2 58
4 20
9 73
1 65
1 39
1 38
4 47
7 91
7 44
10 36
5 46
4 30
5 63
10 52
10 77
2 68
9 24
3 3
2 87
1 23
10 52
5 14
10 95
2 85
7 2
6 86
6 29
2 52
3 37
7 10
4 49
6 93
9 16
1 2
10 34
1 21
1 43
7 37
8 75
10 46
1 75
4 19
5 94
6 65
5 50
4 27
4 92
7 0
6 22
7 83
6 35
5 88
2 20
8 84
2 0
8 2
5 47
7 8
2 65
8 62
9 45
9 98
9 46
4 12
4 2
10 73
3 6
7 72
9 90
7 59
4 4
10 46
7 32
2 36
9 21
9 19
10 21
6 100
1 63
1 77
6 94
3 21
7 27
5 67
3 84
1 1
2 4
6 87
9 64
10 47
8 7
8 22
2 28
10 83
5 66
3 74
5 63
2 66
3 49
6 58
5 46
6 86
10 83
2 70
4 80
2 64
3 42
4 3
4 92
8 68
9 81
6 53
8 83
8 25
10 4
2 63
7 78
7 59
2 25
5 2
3 53
4 59
8 88
9 57
10 20
9 69
4 22
10 73
9 36
6 85
7 62
2 74
2 48
4 86
2 93
1 18
5 46
9 6
3 3
2 58
10 27
7 65
9 49
4 26
3 95
9 39
4 86
4 51
3 35
6 45
9 47
6 6
4 30
5 40
6 16
1 74
6 84
9 56
4 6
5 13
9 92
3 52
9 38
9 56
9 2
10 72
10 91
5 59
7 66
4 33
6 82
10 31
5 9
7 70
1 14
8 86
4 19
7 16
3 96
6 30
6 15
3 36
6 92
7 28
5 50
1 73
1 2
10 88
9 25
4 13
3 9
6 50
1 74
7 36
5 71
4 0
6 33
5 100
8 85
3 21
9 34
9 15
8 71
9 91
4 86
8 6
8 90
5 51
5 34
3 73
2 19
5 76
7 97
3 55
5 74
6 26
10 30
2 64
6 79
6 33
5 73
7 85
4 41
10 24
6 33
5 70
8 1
10 41
2 92
9 73
9 64
4 56
5 8
7 36
6 48
3 14
9 15
4 25
10 11
1 73
2 6
1 69
9 6
8 10
1 36
3 70
8 47
10 11
1 32
8 5
4 46
1 2
2 46
6 64
8 75
2 8
1 45
6 11
5 52
2 58
8 60
2 5
6 42
7 60
1 59
5 76
4 98
6 61
8 20
5 67
8 87
2 21
2 55
7 77
7 41
4 20
8 43
1 85
7 11
2 86
2 60
7 54
6 37
1 88
3 96
7 67
10 4
2 39
2 95
7 24
7 76
10 56
9 28
2 4
1 36
3 68
5 9
8 97
5 57
2 88
3 33
10 86
7 59
2 28
6 96
4 25
1 60
7 43
2 75
8 65
5 66
2 60
2 3
2 2
4 64
8 94
3 68
6 18
7 68
6 12
1 46
5 80
8 57
6 78
7 92
3 37
1 44
8 98
9 1
7 98
8 20
5 15
10 63
3 44
8 94
7 3
7 84
2 48
3 86
2 73
2 43
6 40
5 8
6 96
6 33
9 20
1 98
3 15
3 90
7 89
1 38
5 5
3 19
7 39
6 37
5 15
9 10
6 15
6 51
9 7
7 84
1 18
9 25
10 50
9 30
9 37
7 60
9 76
5 91
8 53
6 15
1 50
8 78
9 55
7 19
10 19
8 13
10 41
10 18
4 15
5 98
10 49
3 35
7 53
10 89
6 43
6 49
2 99
7 85
4 69
9 2
9 57
2 36
4 73
9 50
2 60
3 37
3 70
10 13
8 44
2 71
7 58
3 88
9 82
6 89
8 16
9 97
10 78
5 32
10 43
4 41
10 43
3 26
2 82
10 63
9 91
4 50
8 55
10 81
4 76
8 22
7 11
9 63
6 83
6 81
8 78
10 3
9 91
7 71
4 40
2 98
3 39
8 86
6 31
10 79
8 1
7 49
6 65
1 2
7 39
4 89
10 13
7 96
5 10
7 91
3 76
1 37
10 53
8 61
8 64
5 8
3 25
4 10
6 31
4 84
7 81
7 2
8 61
3 9
8 61
9 4
2 12
4 10
9 90
3 23
8 61
4 47
1 7
2 43
7 19
8 58
4 43
1 35
5 100
9 16
7 53
4 62
3 76
4 8
6 0
10 14
6 39
5 35
4 99
2 43
1 76
7 52
1 88
4 90
8 29
7 24
5 55
8 100
5 12
4 97
5 15
2 8
9 98
2 58
7 41
5 70
7 92
9 21
1 71
9 48
3 100
10 93
2 60
7 13
9 96
1 73
4 15
10 32
10 23
5 90
9 80
8 87
1 29
10 54
9 6
4 11
9 92
2 57
9 45
1 64
7 65
1 68
6 63
9 58
7 1
8 45
7 6
1 14
10 57
2 97
5 33
1 12
5 100
7 62
6 97
9 50
7 32
9 1
5 1
8 30
10 69
2 4
2 46
7 25
8 31
2 50
3 73
10 4
1 95
4 14
5 97
2 85
9 6
2 38
1 91
7 21
1 95
3 6
6 58
8 99
1 13
8 80
9 37
4 21
2 19
3 19
10 94
10 50
2 18
6 83
7 95
5 91
8 47
4 85
6 66
5 17
2 56
6 10
2 89
3 26
5 68
3 47
3 76
9 47
5 5
6 96
7 54
3 100
3 61
7 32
8 79
8 39
6 27
7 26
3 25
5 12
7 43
5 59
10 21
3 57
10 59
8 81
5 80
3 13
2 11
5 83
6 39
5 42
3 79
9 68
9 14
3 33
4 79
1 37
6 68
8 57
9 80
3 25
10 50
8 44
4 87
5 94
10 66
2 82
7 42
9 72
9 63
2 22
1 15
8 23
7 31
9 14
7 100
7 48
10 7
4 99
7 5
6 44
5 6
3 72
6 51
9 44
1 5
9 0
1 71
6 22
4 67
6 67
8 3
1 53
7 3
10 97
6 74
1 78
4 72
10 11
1 57
6 13
9 66
5 25
3 8
5 78
2 23
2 65
8 27
5 41
5 70
6 97
4 8
8 69
10 89
7 83
6 27
5 5
5 81
7 9
8 66
1 25
4 96
10 14
2 62
2 99
6 30
6 0
7 100
8 90
1 51
7 98
9 94
9 96
3 44
10 5
3 57
1 36
5 60
1 91
2 52
2 25
2 70
4 79
5 88
2 3
10 38
5 61
3 65
8 45
6 66
7 23
9 16
2 10
6 66
10 72
6 8
6 15
7 31
4 16
5 28
4 46
6 94
2 50
3 95
1 46
7 78
4 89
8 25
4 35
9 37
9 93
1 38
3 66
8 66
7 64
5 74
1 62
6 47
8 15
4 70
3 2
1 5
3 18
9 1
9 76
3 52
6 67
5 44
6 19
3 11
7 23
3 4
4 53
10 36
9 62
6 9
8 72
4 17
7 88
10 39
4 11
3 26
3 19
10 72
4 13
7 60
9 69
10 98
4 39
4 65
4 33
2 38
10 44
4 20
6 25
3 71
3 69
5 0
2 90
5 26
8 5
7 73
10 46
2 48
6 24
1 91
10 91
10 10
4 10
7 86
9 72
4 30
3 53
5 50
9 10
7 71
10 9
4 90
9 80
9 86
3 69
1 27
5 80
3 39
10 22
9 77
9 13
10 15
3 15
9 26
3 58
8 26
3 10
8 51
9 86
6 2
10 11
6 49
6 34
4 73
10 12
3 75
5 67
10 69
10 83
6 3
10 91
5 24
3 69
5 3
3 49
8 82
6 3
9 0
3 63
7 84
6 1
7 76
6 8
2 10
4 95
3 89
4 27
9 29
1 43
1 40
4 90
10 27
10 72
8 64
5 95
5 21
2 93
8 17
4 47
5 31
5 4
8 51
4 36
10 75
5 81
1 49
4 61
9 88
4 38
1 72
7 24
10 90
4 100
7 44
6 69
7 2
2 87
3 42
6 42
1 41
3 48
1 23
10 77
3 23
1 48
6 11
1 38
5 20
6 62
10 11
5 9
5 85
4 99
8 95
3 74
3 18
7 54
6 36
3 72
1 90
6 92
4 73
7 46
6 6
3 14
9 64
10 12
7 96
4 41
9 75
4 43
7 64
3 6
1 83
1 39
9 7
7 17
1 61
10 73
2 0
2 35
4 64
6 68
1 63
5 48
7 88
10 15
8 13
6 36
7 48
4 62
8 60
3 35
7 65
1 99
6 60
6 8
1 70
10 8
1 56
7 83
3 26
7 77
7 11
6 75
6 46
10 25
5 59
4 76
9 1
3 88
5 29
1 77
2 11
9 24
6 63
10 3
10 57
6 52
3 29
4 81
9 11
7 72
7 59
9 20
9 71
1 90
3 99
6 35
8 54
2 90
1 99
2 81
7 37
9 30
10 75
4 76
1 76
5 21
3 54
7 22
2 60
5 97
2 43
9 11
1 92
6 14
1 57
10 68
8 45
1 48
2 13
1 53
3 64
8 72
2 4
9 95
1 33
6 57
4 72
8 63
1 35
8 11
9 60
2 99
1 90
2 69
2 63
10 43
7 8
4 67
9 55
9 59
7 71
2 67
9 13
4 48
9 73
4 36
10 53
4 40
2 9
1 25
2 85
3 98
10 1
7 34
10 48
5 40
6 58
6 76
2 68
4 4
3 29
2 21
8 80
2 28
3 81
1 23
8 39
4 30
3 52
1 9
8 57
3 31
4 1
8 52
1 69
9 37
8 56
10 34
5 93
9 29
1 77
8 67
5 36
10 71
9 5
2 36
9 79
7 38
9 26
10 90
3 84
10 32
6 22
10 55
8 74
8 90
1 67
1 63
3 86
3 28
4 68
4 50
6 89
6 25
10 96
10 22
3 99
6 80
8 90
4 34
4 70
10 53
2 88
10 82
5 13
6 54
5 45
10 76
1 27
1 24
3 93
3 37
1 3
1 37
1 44
4 38
1 84
9 62
3 42
7 80
6 40
10 0
1 26
2 38
2 26
8 32
8 56
6 44
9 39
4 18
8 18
3 34
4 34
7 87
3 71
3 62
4 55
7 99
10 85
10 85
4 74
10 35
1 45
4 81
3 77
1 32
9 16
5 59
5 1
1 17
3 98
9 15
7 16
8 36
5 48
8 40
4 79
9 70
7 88
2 3
3 6
3 41
3 42
9 73
10 50
1 31
1 95
7 16
1 90
8 34
3 18
3 19
10 71
4 6
5 40
1 12
10 90
10 91
9 95
6 47
9 49
1 66
9 95
3 4
10 16
5 69
8 7
7 32
8 77
5 45
9 67
10 60
8 54
9 17
1 82
6 63
3 87
10 90
3 63
4 18
2 89
6 86
8 47
4 67
1 76
1 3
7 38
6 84
10 2
2 59
6 33
6 48
6 58
8 88
8 12
7 91
10 44
2 41
10 50
8 54
10 99
4 24
2 87
2 24
8 50
10 14
2 62
1 72
1 36
5 85
6 68
6 57
9 34
1 9
6 42
8 32
2 74
4 16
9 96
2 6
2 46
1 54
10 72
6 37
9 83
10 71
7 75
10 44
2 73
5 75
2 76
1 12
4 43
2 92
1 64
7 74
5 65
9 39
10 6
6 87
6 37
6 99
10 46
4 68
4 32
2 35
10 56
10 0
8 97
3 18
9 53
3 17
3 91
8 68
4 75
5 91
1 81
1 67
10 56
1 93
5 58
6 19
7 73
6 88
10 44
1 60
2 4
3 36
7 78
7 5
5 1
9 81
10 11
8 95
9 46
2 22
9 53
6 98
3 23
7 62
7 84
9 58
9 2
6 54
3 20
2 30
1 6
6 57
8 98
10 90
2 1
7 13
8 79
5 27
6 97
9 9
6 36
4 96
1 59
2 3
1 87
1 50
3 32
6 42
10 25
2 39
9 16
4 68
9 84
5 72
1 26
1 70
9 98
3 83
8 35
2 54
5 61
7 15
8 28
3 53
6 78
1 15
9 9
8 58
4 69
8 30
2 21
9 66
3 27
4 77
4 20
1 39
7 91
5 95
5 91
9 26
9 83
3 79
1 41
6 23
10 13
4 50
10 51
7 22
6 19
2 20
6 62
10 51
10 36
8 29
6 12
7 56
4 7
9 73
1 97
1 36
10 71
8 30
2 74
8 66
4 12
5 95
6 86
3 43
2 39
7 56
1 74
2 39
6 30
6 59
4 85
1 54
10 13
3 70
3 18
2 60
1 58
4 60
3 14
4 78
6 49
3 28
9 89
8 63
10 12
8 23
5 4
2 47
3 4
9 66
5 34
4 58
6 19
1 86
3 30
10 89
7 62
3 100
5 66
5 88
3 1
10 3
10 95
9 53
4 7
1 96
9 77
3 45
10 62
8 56
2 52
2 13
7 0
3 33
3 2
5 99
7 22
2 82
1 34
7 26
2 14
6 37
3 5
4 13
10 6
7 28
1 26
3 28
3 23
1 87
6 20
5 28
8 81
10 99
10 55
6 21
8 42
5 79
8 29
1 29
1 49
8 67
8 32
10 4
5 14
4 83
3 0
4 94
2 35
4 91
3 39
10 9
7 50
1 98
4 36
10 31
7 48
6 5
8 92
1 32
9 91
4 4
7 24
4 60
6 43
2 17
7 42
7 92
8 19
10 6
5 21
7 88
1 90
9 96
3 75
9 82
3 82
4 39
9 10
5 11
6 55
3 69
3 9
8 63
7 98
4 90
5 38
9 62
7 53
9 44
5 57
9 14
4 100
3 10
9 88
2 60
5 28
10 52
9 63
9 17
6 51
9 36
6 98
10 75
5 41
1 84
3 91
8 37
5 28
1 9
3 87
4 72
5 22
2 55
5 6
9 58
4 14
7 96
10 24
10 76
1 54
6 42
5 100
8 0
4 99
4 32
7 15
4 93
7 15
2 59
2 29
10 46
1 96
4 17
8 26
4 33
6 67
9 0
5 44
9 8
5 87
4 90
3 24
8 91
6 31
2 25
3 30
1 24
3 25
3 89
2 68
5 98
4 20
5 31
9 47
8 1
2 29
4 26
5 14
4 93
7 18
9 99
3 72
3 61
5 87
4 18
3 99
9 33
8 43
1 42
2 35
6 88
5 88
6 56
1 13
3 38
10 82
5 71
2 13
9 59
5 78
1 37
10 64
5 6
1 58
9 23
8 18
1 89
9 98
10 65
2 23
9 67
6 65
8 79
2 18
1 24
5 13
2 100
4 39
1 55
7 67
8 0
5 42
1 74
6 11
7 32
6 88
10 57
7 17
4 49
10 40
5 92
1 92
2 59
4 71
3 51
6 34
4 94
2 32
1 88
8 80
2 29
4 29
3 6
3 14
10 97
2 13
6 21
1 32
6 90
2 11
8 52
2 58
6 1
9 75
5 19
1 49
6 20
5 64
6 76
3 89
8 9
7 98
6 41
4 29
8 73
5 66
10 87
4 93
9 63
10 6
2 78
1 56
7 29
4 35
10 70
3 39
2 12
9 55
7 9
7 100
6 83
2 89
1 56
1 93
3 91
6 34
4 88
2 91
5 32
7 23
8 93
7 62
8 53
9 59
8 58
8 31
6 89
3 6
3 39
4 35
6 26
6 32
4 89
2 89
2 57
7 93
4 52
10 19
2 77
2 33
8 69
4 11
6 56
8 40
3 97
8 47
2 99
3 43
2 59
6 55
3 90
1 2
8 34
5 78
6 66
9 30
10 17
7 12
8 16
5 42
3 71
10 98
2 34
2 50
8 87
5 31
8 44
7 11
3 78
9 22
1 6
9 22
10 99
7 70
3 48
9 42
3 61
4 33
5 10
9 42
9 31
7 50
6 47
3 12
5 23
7 8
5 83
3 45
7 95
3 46
8 30
9 61
7 6
5 43
10 75
7 5
1 1
4 68
9 67
5 53
6 25
7 11
4 97
5 79
3 65
1 35
3 93
1 26
4 68
9 80
2 7
7 32
4 95
4 12
3 38
3 17
5 13
8 59
10 85
1 83
2 41
10 33
10 38
9 11
6 60
6 37
10 77
8 97
9 55
1 8
5 15
10 2
4 42
10 26
8 32
1 67
2 50
2 72
2 57
5 46
3 82
2 76
8 76
5 98
1 76
9 53
2 61
3 40
2 62
1 39
7 35
3 30
8 59
7 26
4 83
2 46
8 84
1 10
5 89
4 73
7 32
7 10
3 84
6 63
7 59
2 99
1 29
3 49
6 59
8 52
2 25
2 20
8 87
10 3
4 19
8 36
9 99
5 31
10 81
5 62
5 32
9 40
2 16
3 18
6 11
6 67
3 93
7 46
4 18
7 77
1 69
9 9
7 75
1 70
3 84
8 70
2 71
3 53
1 52
2 15
3 97
3 60
6 100
9 56
2 51
3 77
3 58
7 34
3 27
10 37
8 49
3 43
3 93
7 33
7 12
10 63
1 47
10 77
4 40
1 96
6 48
4 36
2 46
1 0
3 5
2 74
2 7
5 59
3 90
10 58
10 53
2 42
8 78
2 16
4 84
5 17
5 37
3 13
4 27
9 56
9 74
4 17
9 74
8 88
8 20
7 98
4 9
3 52
3 10
9 62
1 12
6 48
6 56
7 80
7 68
4 47
3 100
5 33
8 57
2 87
1 44
3 22
9 33
8 77
5 50
3 38
6 6
8 88
8 55
6 7
5 98
10 26
5 21
9 69
3 82
2 71
6 42
9 70
8 29
4 94
7 80
8 94
3 22
7 28
1 88
3 56
10 45
5 59
1 17
3 4
7 48
9 78
10 49
10 95
1 36
1 30
4 82
3 86
6 32
3 42
2 21
8 96
7 57
10 66
5 49
2 69
7 28
9 82
5 81
3 56
7 44
10 89
3 41
2 54
7 70
2 57
3 9
6 10
9 99
3 44
2 74
8 60
4 38
7 54
2 63
8 75
4 22
4 79
7 4
5 51
5 97
3 10
9 83
2 27
10 9
4 66
3 94
2 30
5 91
4 6
7 8
2 50
2 61
1 43
5 58
7 24
2 96
9 61
5 1
8 87
5 83
3 61
8 33
4 54
9 8
4 81
8 30
10 49
9 75
2 64
8 100
1 75
7 95
2 99
6 51
6 63
6 62
1 58
10 8
5 5
10 20
4 91
2 54
9 28
1 73
6 13
8 63
4 29
3 58
10 82
8 6
6 74
6 68
1 74
4 76
4 35
8 25
9 85
3 41
2 13
10 41
2 12
5 2
4 37
2 22
6 85
5 79
6 71
1 3
4 51
5 70
1 41
9 73
5 22
4 93
3 6
1 96
3 44
6 88
6 47
9 67
7 40
1 57
10 45
3 83
10 31
6 54
8 47
8 30
5 36
8 59
9 52
2 11
9 98
5 50
7 96
2 1
10 39
4 32
10 100
1 98
6 23
9 57
9 92
8 13
1 78
9 79
9 88
9 8
8 27
2 51
8 36
6 4
4 73
6 0
9 84
10 74
2 99
7 1
10 90
1 7
6 66
7 96
8 73
1 25
9 19
1 23
5 10
5 69
3 22
4 45
1 75
4 3
7 18
1 85
2 44
6 59
8 48
7 35
1 89
5 30
1 5
2 42
3 25
4 96
8 21
7 41
8 2
5 38
2 3
5 86
10 5
6 80
10 27
1 14
8 40
5 54
3 47
5 43
4 90
4 64
5 43
2 72
10 66
2 48
6 21
10 11
6 70
9 84
6 6
2 66
2 63
5 59
7 84
10 30
7 79
9 99
4 32
4 97
7 26
1 99
5 2
3 53
4 60
8 69
2 32
3 36
5 17
9 40
3 28
7 43
1 41
9 75
6 100
5 78
10 34
5 74
5 58
5 57
10 2
5 12
9 35
7 76
7 67
7 79
1 93
7 5
3 15
2 12
3 52
1 81
6 58
5 35
4 15
8 84
2 23
8 4
8 70
3 11
10 33
9 90
10 93
6 55
3 79
5 78
7 74
5 78
7 89
6 45
3 79
3 87
1 50
10 11
7 7
8 97
3 99
3 17
5 10
3 63
3 41
2 70
5 44
4 63
1 0
6 69
1 74
9 52
4 100
7 41
4 88
10 54
10 28
6 32
4 86
3 30
5 36
3 47
9 89
8 68
1 1
5 33
9 5
8 38
6 21
7 39
8 10
5 73
1 44
3 58
5 5
4 3
4 67
8 8
2 85
1 84
6 81
5 80
1 73
1 74
9 98
8 81
10 31
5 9
10 76
10 61
10 0
3 9
3 12
6 17
7 90
4 61
10 15
2 16
1 12
3 96
6 77
9 26
4 78
8 12
6 25
9 48
10 89
3 48
8 51
8 56
2 39
3 50
9 80
5 35
9 18
9 95
2 68
10 34
6 31
3 8
4 0
4 19
8 49
8 55
6 63
1 70
5 3
5 50
3 28
1 54
1 22
6 57
1 79
3 25
3 73
6 97
2 27
3 8
7 90
3 66
4 63
8 9
2 59
7 25
5 28
7 95
1 43
4 72
8 39
10 43
9 77
2 90
5 83
2 1
6 93
10 9
2 94
2 7
5 79
2 56
9 48
10 5
1 86
7 15
1 11
9 2
2 36
3 89
5 97
7 68
9 97
2 7
7 80
9 79
8 67
5 50
4 70
3 46
8 67
1 18
10 19
2 24
6 6
10 21
4 10
2 59
7 42
2 31
5 45
6 70
8 46
9 16
2 3
5 8
3 61
3 79
2 33
3 72
10 48
8 97
8 60
9 47
3 32
8 40
5 34
1 76
10 95
1 3
3 6
4 16
10 34
5 0
8 57
10 14
6 69
4 29
2 9
4 90
6 68
5 13
10 53
1 56
8 31
8 90
9 16
10 73
9 45
8 43
7 100
7 35
8 42
8 56
6 24
5 95
4 21
8 67
7 73
6 30
3 30
9 32
3 15
3 37
1 63
2 30
4 86
3 59
10 77
9 15
7 22
8 9
3 71
7 11
7 58
4 33
9 21
3 46
7 55
3 29
5 25
2 59
7 8
10 11
8 42
5 55
4 35
9 71
7 86
4 4
6 63
5 81
4 43
1 69
9 94
10 86
2 73
1 41
10 31
3 88
8 100
5 65
1 88
7 66
8 86
8 1
3 51
7 25
4 69
7 90
1 24
2 69
5 28
9 92
4 89
5 10
5 38
5 51
3 27
7 58
4 6
9 54
10 73
3 29
4 55
7 51
1 5
2 10
9 37
1 70
3 5
9 28
9 36
7 68
7 62
2 10
3 97
9 18
2 66
4 73
4 79
7 95
4 95
2 66
4 78
5 89
10 38
3 67
10 99
4 47
8 82
5 96
1 68
2 35
6 9
4 86
4 53
2 46
7 71
8 40
10 60
2 32
8 64
2 62
8 47
7 79
3 92
3 59
2 93
7 11
5 10
6 66
2 24
8 37
6 37
8 81
10 37
9 67
6 6
5 17
1 9
4 100
5 25
10 81
7 64
9 77
9 49
9 4
3 47
10 94
5 22
7 30
9 100
7 83
9 72
1 87
2 58
3 55
1 21
7 27
3 68
4 42
10 80
3 67
2 65
9 38
2 76
10 68
1 52
10 13
3 26
5 47
4 60
3 75
2 53
1 22
9 82
3 23
4 5
8 33
6 18
7 7
2 87
5 75
5 86
6 78
4 52
8 33
9 63
9 88
6 57
4 2
10 77
6 80
6 95
1 6
5 56
6 3
2 9
8 10
8 49
1 23
5 98
2 13
5 26
1 69
7 86
6 99
1 38
7 75
9 94
6 2
3 51
9 27
5 45
9 95
6 11
8 86
9 6
10 24
5 95
8 20
7 33
6 25
8 2
8 97
9 83
8 57
3 21
1 90
3 80
10 87
9 40
8 74
7 50
10 28
7 89
5 88
2 13
5 61
1 51
1 76
5 2
8 7
7 77
4 92
7 94
9 75
2 69
2 78
6 71
4 13
10 44
4 20
5 51
2 59
5 6
4 57
6 29
2 59
9 65
2 61
5 13
3 88
9 80
5 100
9 0
8 64
1 25
2 86
3 56
8 98
10 52
2 99
6 23
5 57
1 21
9 93
5 16
2 47
8 68
7 68
6 45
7 96
1 97
3 57
7 54
6 9
7 24
10 60
9 20
1 14
3 46
5 89
1 6
1 7
6 29
5 74
6 73
4 68
1 1
3 74
5 30
8 98
5 79
5 66
7 21
2 70
4 98
7 17
8 61
4 92
1 36
1 45
8 82
10 71
7 7
1 86
4 84
10 91
3 48
6 54
8 29
5 43
9 89
2 46
1 88
9 6
5 46
10 51
5 91
10 79
9 21
7 55
8 31
3 21
3 79
6 72
8 77
1 70
5 5
7 43
8 3
3 11
7 59
3 35
1 48
3 62
6 38
2 39
1 98
2 52
1 82
9 35
9 15
6 76
5 54
7 96
1 87
10 84
7 76
5 2
3 41
8 100
5 0
4 38
5 73
9 62
8 38
1 36
6 93
10 89
8 31
10 15
7 30
5 56
9 21
4 48
8 7
7 84
10 67
5 21
4 45
8 38
5 96
1 92
4 0
3 95
7 61
4 15
3 81
4 14
3 90
1 61
1 77
3 11
2 14
1 21
5 93
9 20
4 45
9 9
8 73
5 41
1 66
6 100
7 90
6 77
8 57
1 28
7 52
6 53
4 70
4 16
5 91
1 13
7 16
9 65
10 51
8 38
3 66
3 78
1 43
3 85
9 70
5 95
10 21
4 49
3 81
9 66
6 33
10 54
8 77
8 62
10 99
1 57
8 64
1 24
8 77
3 11
2 23
10 46
5 85
1 57
9 61
7 12
6 26
2 71
9 41
7 74
3 67
8 21
4 70
6 69
7 86
4 66
5 83
9 66
1 71
10 77
4 66
3 29
1 29
4 9
9 51
6 23
9 7
2 66
8 15
6 25
3 68
8 84
2 76
4 41
6 26
8 77
4 28
9 63
3 49
9 74
2 25
10 17
8 51
9 5
10 25
10 78
8 3
2 39
1 82
9 14
1 62
6 90
5 89
3 27
4 96
7 14
3 92
8 23
4 62
10 77
4 96
1 58
3 30
2 58
7 51
5 30
3 3
1 82
3 3
8 43
7 69
5 88
7 14
7 5
2 0
9 87
6 46
9 11
1 76
10 0
7 79
8 53
5 24
10 11
7 47
7 41
4 1
1 86
4 16
7 42
5 75
5 94
6 47
6 95
4 28
1 69
10 42
2 76
10 30
7 33
3 78
1 83
10 94
7 80
1 82
6 11
5 64
6 59
1 19
3 75
8 14
3 32
8 66
8 28
1 64
3 19
6 80
8 88
8 89
9 41
8 79
2 64
3 13
2 79
6 46
7 66
5 36
10 53
4 61
4 12
8 74
3 75
5 20
9 54
3 36
8 57
6 39
5 50
9 0
5 82
4 48
2 79
5 59
8 41
1 79
10 82
8 72
2 22
10 6
9 90
10 54
3 53
2 71
7 9
6 10
2 23
6 39
5 32
8 95
4 79
8 20
9 6
2 33
9 86
2 8
4 18
5 81
9 62
8 54
5 59
3 8
9 11
8 92
1 26
7 26
2 15
5 34
2 70
6 87
7 68
10 74
3 36
9 68
10 6
10 21
6 36
5 63
10 31
1 94
8 38
2 15
4 62
7 18
7 48
5 93
9 70
3 99
3 60
3 36
3 40
10 64
7 40
2 71
7 76
1 30
6 23
6 63
8 22
7 1
8 25
1 88
5 58
1 35
6 39
8 29
4 99
4 98
6 57
5 60
4 48
6 14
1 45
5 26
5 84
10 73
2 28
3 83
3 16
4 4
2 31
5 57
2 28
7 56
7 4
4 71
1 29
4 45
5 80
6 5
2 37
10 19
9 3
10 79
4 94
9 9
4 48
8 19
2 65
10 65
6 65
4 32
3 52
2 67
9 24
4 16
5 2
3 73
6 87
9 37
7 96
1 9
4 44
6 37
1 20
9 90
4 70
4 31
4 15
7 17
7 7
4 30
4 71
1 14
4 38
9 95
9 30
7 50
9 28
10 1
4 97
2 78
10 61
7 93
10 7
3 80
3 91
2 90
5 5
9 13
2 51
6 30
6 96
1 71
5 63
7 52
2 2
7 86
7 0
5 39
6 46
9 35
2 10
1 17
10 50
7 23
6 34
10 2
8 100
2 83
1 41
1 40
10 52
8 25
2 84
8 3
8 33
7 63
6 99
7 54
4 45
7 21
7 34
2 0
7 54
1 33
2 4
9 23
3 25
10 9
9 10
8 31
1 37
2 31
8 79
2 92
4 33
5 9
2 83
7 77
10 49
1 69
8 24
7 14
1 10
7 47
7 10
4 51
4 76
1 79
2 76
9 84
7 28
10 81
5 1
9 36
10 41
2 19
3 81
10 7
6 23
4 80
7 19
4 69
3 40
8 43
1 78
3 54
5 25
8 12
1 63
4 93
8 60
3 48
7 14
4 94
6 94
5 12
10 14
10 71
2 67
1 0
6 62
3 58
7 80
7 49
6 91
9 63
7 26
4 7
3 70
3 99
7 80
5 27
1 30
1 47
7 91
2 16
9 72
4 83
7 20
7 75
10 69
3 47
1 25
4 48
10 100
1 85
10 77
6 53
7 71
5 52
3 58
6 67
1 71
3 59
4 94
3 38
5 30
6 14
10 83
4 99
3 59
2 0
1 14
3 71
6 0
4 14
1 96
5 81
4 60
1 69
3 27
7 26
10 23
9 86
6 70
4 7
6 13
10 29
5 58
9 36
9 2
7 46
2 35
2 39
2 30
9 77
4 89
4 46
5 74
10 80
5 100
4 21
6 42
4 25
2 33
1 18
9 98
3 29
5 90
7 98
8 37
5 89
1 59
1 85
5 14
9 5
2 84
1 21
10 48
6 98
4 96
7 87
1 9
9 9
1 92
8 26
9 51
7 21
1 80
4 39
6 18
2 7
4 62
4 58
3 15
1 82
7 40
8 6
10 36
2 44
1 42
5 67
4 17
5 87
1 87
2 53
8 28
4 64
7 12
3 41
8 87
1 4
9 70
6 22
9 55
4 32
3 65
2 53
7 94
4 39
7 77
9 10
5 45
6 33
9 20
4 97
8 85
9 98
4 57
1 55
2 79
7 30
9 22
6 29
1 85
1 63
4 34
8 73
6 59
5 49
6 70
9 75
9 30
6 12
1 47
3 85
2 54
3 88
2 20
10 83
7 18
1 52
1 47
9 35
8 19
3 24
8 87
3 42
7 85
4 10
1 99
6 11
7 86
8 42
9 3
7 67
1 81
9 74
5 93
9 9
6 34
8 19
1 19
5 58
4 16
6 20
7 64
7 26
7 71
2 75
8 23
3 60
10 81
9 90
6 28
8 15
7 25
4 82
3 74
1 88
5 38
4 8
3 87
2 79
8 77
6 75
7 83
6 79
6 92
2 53
9 46
7 53
7 71
1 61
4 70
4 74
10 64
9 38
6 21
8 78
9 52
4 92
5 74
5 54
9 16
10 56
8 67
2 99
1 35
10 38
5 36
7 81
4 97
1 41
9 55
7 76
8 14
9 54
2 23
7 24
3 70
8 96
3 14
10 46
6 19
2 83
10 52
8 82
10 58
8 72
6 91
10 15
2 17
5 51
10 57
4 28
7 46
7 7
4 77
5 65
9 37
8 99
7 50
4 48
6 46
1 44
7 9
1 55
5 0
8 18
8 40
4 85
10 29
3 88
8 96
4 15
4 37
3 85
7 81
5 26
5 88
5 29
8 82
8 27
6 1
8 40
4 11
9 92
4 50
7 56
6 5
3 87
5 99
7 36
7 97
3 82
2 46
10 83
10 32
1 3
9 86
2 13
9 62
3 75
8 7
2 63
7 47
3 83
1 71
3 9
6 88
9 29
4 72
10 25
1 59
6 26
7 44
5 12
10 93
3 27
2 16
10 46
1 83
2 25
6 97
2 12
4 38
6 20
5 91
10 42
10 30
6 65
3 93
10 85
1 86
10 34
1 54
2 51
10 74
7 65
3 32
7 54
2 92
6 75
10 32
1 0
5 72
1 35
2 3
5 28
10 94
9 91
6 38
6 26
1 36
10 58
9 85
10 100
8 41
2 76
6 57
2 7
4 25
6 77
9 55
6 3
6 20
6 3
3 90
2 9
2 37
9 66
8 79
10 40
1 31
1 23
4 36
7 46
4 39
1 12
7 58
9 15
3 61
8 81
5 13
3 73
1 47
9 41
9 71
7 73
1 57
7 48
7 75
3 1
8 20
1 51
4 56
3 79
6 99
2 50
1 36
3 59
4 69
10 88
5 17
4 32
7 26
3 15
10 89
1 30
4 24
3 57
2 80
6 99
7 62
2 85
9 64
5 39
9 66
8 22
3 69
4 37
1 73
2 61
4 33
1 96
1 23
10 32
4 35
