10000
8 64
3 48
8 42
6 9
8 84
4 72
10 71
10 92
4 24
2 26
4 22
7 37
7 52
5 39
3 91
1 34
4 11
10 56
1 41
8 21
6 17
7 33
3 28
4 88
5 91
4 95
3 21
10 22
3 98
8 73
9 67
9 99
3 68
1 95
5 0
1 83
7 88
8 81
9 54
7 70
10 30
10 61
2 37
1 53
1 44
7 52
6 55
8 35
5 11
4 40
1 27
10 56
5 97
7 69
4 34
7 79
6 36
6 25
10 12
5 72
7 38
7 14
3 74
7 85
4 2
6 63
7 56
3 80
5 35
6 44
4 33
7 43
2 72
7 55
6 27
7 34
5 83
9 7
2 58
1 86
7 76
5 47
4 49
9 70
10 77
3 26
1 8
6 77
5 58
8 32
3 87
1 23
1 29
10 0
2 29
1 56
3 10
8 23
6 62
1 19
10 28
6 81
9 0
3 62
10 60
4 100
5 96
9 2
2 89
1 87
2 6
3 53
7 26
3 3
6 73
7 77
6 58
4 22
6 21
9 6
6 50
9 94
8 19
5 2
5 54
3 30
3 36
8 91
9 80
1 59
3 2
10 19
7 43
2 97
1 72
6 31
3 51
4 40
9 19
5 78
5 64
2 62
9 32
4 63
1 25
10 45
1 96
5 44
2 18
4 51
10 82
6 70
8 46
3 85
8 75
1 74
5 79
3 1
1 76
9 57
7 56
8 63
1 79
7 27
4 94
1 41
3 34
5 73
10 56
2 0
1 84
9 35
5 99
6 39
9 31
10 3
2 23
4 41
8 99
10 69
3 37
9 59
10 59
1 17
7 30
7 91
4 60
9 65
3 46
9 87
4 28
8 54
9 31
3 26
2 99
10 42
9 26
7 77
2 83
5 55
7 95
2 97
8 43
2 49
4 35
8 84
5 29
1 33
10 5
7 59
10 12
8 89
4 99
1 20
6 6
2 87
9 75
4 34
2 22
9 84
8 16
9 67
7 100
10 92
9 43
8 26
8 24
5 49
10 63
1 90
9 35
4 46
8 37
9 53
7 64
2 36
7 46
10 90
4 41
9 85
8 38
9 72
10 60
1 83
6 8
4 38
8 88
5 77
9 95
8 15
4 40
8 86
7 56
10 30
3 97
1 9
5 17
3 68
3 60
10 14
7 39
5 8
7 85
1 80
1 81
10 22
7 15
10 91
5 73
3 1
7 71
10 7
10 99
1 85
1 57
10 42
7 91
6 14
4 86
2 91
7 23
3 89
10 84
8 31
9 59
4 54
4 42
8 85
1 78
10 13
7 22
1 69
2 58
5 2
2 8
7 75
8 37
4 47
9 58
2 9
7 7
4 61
6 46
5 24
1 22
4 44
1 70
3 87
10 89
6 69
10 21
5 12
4 83
7 99
3 12
2 10
6 52
1 60
9 86
7 25
9 3
9 22
3 62
9 74
7 90
8 48
6 89
9 46
2 2
5 90
7 86
5 29
3 66
8 21
10 46
2 85
5 21
1 9
10 85
7 40
10 16
3 70
4 60
1 55
6 86
2 19
5 31
6 98
2 32
10 58
10 95
1 39
8 60
4 34
8 37
4 31
6 3
10 51
3 26
1 86
6 69
9 52
9 97
1 95
8 15
2 12
10 75
6 78
6 30
7 81
4 80
6 32
1 64
3 19
4 5
5 99
5 29
3 78
7 47
10 65
3 68
3 19
5 77
4 56
7 50
10 27
7 8
7 10
3 85
5 57
6 58
2 78
4 89
3 39
5 76
2 82
5 76
3 74
7 2
10 22
4 23
2 57
10 14
2 99
2 64
3 3
10 86
8 53
4 56
6 39
3 48
4 44
6 19
5 48
4 29
7 43
8 2
3 86
6 91
10 66
1 7
7 72
7 73
5 71
10 6
4 2
5 71
7 18
1 70
1 62
2 22
1 51
3 11
7 8
8 28
1 77
1 74
7 75
3 64
2 10
5 100
5 84
2 37
3 32
8 98
3 33
5 90
1 89
4 18
8 88
4 97
2 32
1 44
2 18
2 20
9 32
9 52
6 23
3 20
6 62
6 22
2 48
3 44
1 73
10 34
1 79
4 96
5 75
10 98
2 7
5 21
4 73
3 16
2 57
2 62
1 0
1 95
5 62
1 15
9 35
6 71
3 4
6 64
7 53
5 72
6 46
2 36
10 83
5 50
1 20
8 84
5 65
6 70
3 73
9 44
3 79
10 29
10 15
2 48
5 3
7 43
1 24
9 29
3 88
3 91
5 81
1 4
10 70
3 46
1 5
5 33
1 55
9 87
7 30
9 70
9 82
10 54
7 97
2 62
1 98
8 96
9 67
7 51
10 54
8 46
5 59
3 19
8 10
3 23
3 86
6 39
3 98
8 2
6 81
3 43
3 95
10 92
5 79
10 17
1 27
10 53
9 22
2 47
10 63
6 44
1 46
5 53
4 34
10 84
5 41
2 46
10 41
10 83
6 84
9 30
3 18
2 73
9 38
3 56
8 14
3 36
3 42
6 100
3 6
1 23
3 82
3 43
7 77
8 79
3 22
10 75
4 48
2 23
7 59
4 41
2 7
7 9
7 79
1 95
3 45
9 63
6 11
7 16
5 61
6 41
10 66
6 52
6 96
10 92
4 81
10 9
5 9
6 90
9 26
2 17
6 86
5 23
3 69
10 70
10 45
5 56
3 52
4 67
9 7
6 0
7 87
2 60
9 81
10 79
8 39
6 9
2 68
10 96
5 6
8 33
2 11
9 83
4 5
6 95
6 9
1 27
1 38
4 35
10 47
9 39
2 80
8 94
3 34
5 24
2 42
6 85
9 98
7 69
1 85
4 11
10 19
5 49
9 92
6 90
2 95
8 27
5 30
5 83
5 0
3 19
3 7
7 41
4 48
6 2
2 44
4 42
10 91
1 60
10 9
5 61
9 52
6 42
6 16
1 33
9 22
5 55
7 34
7 24
1 63
4 58
2 87
7 89
1 89
4 43
8 28
7 66
4 66
2 17
8 77
6 87
10 72
5 40
8 17
6 78
2 26
2 73
1 74
3 77
10 71
6 49
7 5
10 15
5 75
10 40
1 73
10 18
9 23
1 73
10 42
10 84
9 56
9 58
4 49
9 4
4 6
7 5
5 18
5 58
1 97
10 23
10 45
10 64
2 7
4 80
9 29
5 44
5 96
1 8
3 94
8 48
1 98
6 63
4 37
7 36
5 40
7 86
4 54
1 72
8 15
8 63
1 36
8 62
3 62
7 19
2 59
9 42
2 54
3 30
6 10
2 77
6 58
3 22
3 100
3 70
3 60
3 88
7 94
4 41
10 24
3 96
3 32
10 18
3 95
6 48
1 52
3 15
1 25
8 92
6 78
10 66
5 73
9 61
4 12
2 76
7 56
2 53
9 33
10 19
4 11
1 3
2 80
4 98
9 97
1 51
3 14
6 35
2 99
8 33
6 25
3 13
8 50
8 96
1 28
7 33
5 21
7 60
5 62
7 69
7 19
1 36
4 84
6 84
3 11
2 48
4 43
7 42
1 90
7 30
9 62
4 57
2 38
6 72
7 50
5 0
4 29
4 82
1 20
3 62
5 4
5 56
2 86
2 15
7 86
1 18
9 43
9 30
9 87
7 53
5 34
10 86
5 7
1 7
2 57
1 72
5 70
5 67
7 23
5 84
6 39
4 37
10 51
4 50
4 59
8 35
3 4
3 98
4 45
2 19
8 56
1 76
6 47
6 46
9 17
6 7
3 7
2 9
9 12
3 4
2 54
6 88
3 77
9 60
4 89
8 94
4 64
2 74
5 99
10 60
3 78
10 71
4 18
10 34
9 14
5 56
3 84
2 88
7 52
2 69
8 14
4 21
8 22
6 73
4 13
6 49
3 20
2 4
4 1
9 93
7 56
5 0
1 75
9 58
7 40
2 92
3 94
4 18
1 8
6 81
6 87
5 16
4 25
9 28
6 46
5 27
8 56
6 81
10 14
6 23
2 45
6 45
4 71
6 17
3 90
4 30
8 66
10 88
1 17
10 10
9 40
6 71
4 99
6 60
8 37
10 80
2 43
3 9
4 65
5 88
1 42
9 72
8 41
4 37
7 70
1 84
10 19
10 65
4 100
1 42
10 74
5 42
10 1
3 51
6 77
3 32
7 37
9 54
10 23
9 50
2 44
1 36
9 41
9 66
4 76
2 86
3 50
6 28
8 57
8 92
10 45
4 17
7 14
5 0
1 40
4 48
3 54
3 20
6 95
5 1
3 46
3 28
4 84
2 26
5 89
3 32
6 50
2 78
4 62
10 85
1 85
8 75
10 83
3 31
3 68
2 85
10 24
6 1
1 89
2 100
5 58
9 37
8 75
1 6
1 48
1 15
1 3
4 9
5 90
9 39
4 85
3 80
10 47
1 76
9 61
6 77
6 93
7 91
6 40
1 57
7 75
9 9
7 10
1 42
2 91
10 44
2 63
1 74
3 65
3 49
2 21
10 51
3 8
2 32
3 77
6 11
10 29
1 17
1 53
2 18
9 92
4 31
9 97
4 17
9 36
7 0
8 96
7 49
8 40
4 1
10 26
2 79
6 54
7 46
10 81
8 50
9 29
6 47
8 8
1 1
7 19
9 90
8 95
1 76
3 19
4 62
10 39
10 55
10 27
2 71
7 9
3 56
5 0
8 97
1 43
3 57
10 50
9 97
5 18
1 43
8 94
10 54
7 22
4 78
6 95
5 9
2 5
6 81
6 26
4 43
1 55
1 66
7 49
4 52
7 55
8 66
4 41
8 66
7 3
2 37
7 5
5 83
1 22
1 0
5 40
2 10
9 67
6 48
6 48
4 27
9 73
10 22
7 97
10 29
8 81
5 42
9 95
6 18
4 30
3 84
3 69
3 59
1 79
1 40
6 68
2 34
6 67
1 73
8 20
10 88
6 78
5 24
8 85
4 24
10 70
2 95
1 3
6 25
9 34
10 99
7 5
4 10
2 52
1 41
9 12
7 57
4 37
8 83
7 19
5 53
6 100
4 85
2 59
4 35
9 81
1 10
7 95
3 77
4 35
9 43
1 45
3 1
8 39
5 61
8 90
1 2
7 37
6 12
4 40
10 76
8 37
1 2
4 19
10 62
3 46
8 46
8 96
7 27
9 92
1 51
4 42
9 82
4 1
10 77
6 26
2 16
4 65
8 30
3 62
2 50
3 80
5 13
6 11
4 86
7 57
5 73
1 28
7 14
4 15
10 3
3 61
10 84
5 10
6 10
10 11
5 55
1 82
2 15
10 76
10 91
8 36
3 72
7 32
1 73
9 4
5 57
9 27
5 12
9 59
10 66
10 53
5 11
6 45
7 18
10 68
4 96
7 2
8 14
3 87
5 89
1 9
9 9
2 99
5 13
3 90
1 37
9 7
10 35
8 32
3 21
8 90
8 73
4 86
10 1
5 34
5 80
4 36
4 55
6 86
4 82
9 52
2 82
1 63
4 56
1 35
7 19
4 100
1 36
6 21
3 86
3 56
1 97
3 21
4 77
9 70
6 96
4 40
4 78
4 26
2 29
5 70
9 77
10 98
7 68
7 50
7 73
10 10
6 72
2 63
4 21
7 68
6 83
10 34
6 71
1 21
6 5
10 0
8 95
2 72
3 13
1 25
2 63
5 7
10 3
5 0
10 8
5 56
5 82
2 67
5 4
10 85
3 45
4 14
10 51
10 23
3 95
7 34
6 94
4 21
8 56
6 4
1 83
5 96
5 28
1 1
3 99
4 3
2 34
3 33
7 38
10 74
1 56
2 57
5 28
4 18
1 48
4 3
1 77
4 68
7 100
9 11
3 67
2 83
3 79
2 4
4 45
10 76
8 97
4 90
9 91
8 77
5 72
3 71
4 3
2 10
2 31
5 29
9 50
5 54
2 45
1 88
4 97
1 28
6 16
5 83
9 49
3 33
3 50
7 93
8 31
1 43
2 4
4 9
2 91
7 72
1 71
4 83
3 82
1 28
2 85
6 87
2 34
1 49
10 66
9 89
2 36
4 25
9 42
4 90
2 30
4 93
3 13
10 49
9 86
3 63
6 21
4 86
1 32
9 20
6 82
10 8
3 5
5 37
4 63
6 66
1 46
4 64
7 99
4 99
9 100
7 64
2 98
1 97
10 84
1 7
5 86
2 11
7 99
6 36
4 35
5 82
6 81
6 41
2 28
8 76
10 70
1 63
5 97
4 23
8 7
2 0
2 25
7 84
10 0
5 84
8 51
1 58
10 54
9 52
7 19
2 89
2 47
10 64
4 10
3 30
7 48
4 80
3 86
1 7
7 38
5 42
6 13
6 88
6 27
3 21
4 75
6 27
2 4
3 20
6 74
10 4
1 40
6 72
9 75
10 5
9 43
1 35
4 27
5 99
5 6
1 14
4 22
5 59
4 28
9 78
2 12
9 65
6 31
4 54
4 94
7 97
8 21
6 33
6 65
3 97
3 17
1 61
2 0
6 45
1 12
4 17
1 66
7 10
4 53
5 27
2 74
4 90
1 78
1 8
1 35
1 58
7 56
7 19
8 29
3 54
3 93
4 67
6 34
10 34
3 87
6 64
9 53
2 75
1 92
1 14
10 1
8 5
5 36
3 4
4 24
6 26
9 93
3 36
7 90
5 10
3 48
10 84
4 24
6 38
5 19
1 87
5 98
6 87
3 78
2 1
4 47
2 98
4 49
3 78
9 54
9 38
9 69
1 62
3 77
9 52
8 99
8 28
8 0
4 47
2 59
6 47
2 24
1 48
8 30
9 51
1 84
10 10
4 75
5 64
5 3
4 3
2 66
5 93
9 43
4 9
4 89
2 71
8 66
5 8
3 51
5 16
9 8
4 1
1 39
4 100
4 83
10 6
4 3
6 95
9 27
8 25
7 45
9 62
3 38
7 19
2 32
5 35
7 4
3 77
5 53
10 12
3 38
2 55
3 66
2 46
7 8
2 88
10 43
4 29
4 41
9 95
9 65
2 0
7 6
7 12
9 82
1 10
2 93
6 63
3 36
9 30
1 65
6 59
1 52
7 26
9 26
5 85
5 11
9 84
6 0
8 23
3 95
8 10
1 60
1 8
3 54
5 66
7 16
4 25
2 81
10 70
6 53
6 55
8 8
1 15
9 88
7 99
8 64
8 3
8 46
3 49
5 38
1 100
7 7
1 84
10 29
10 98
4 77
2 92
3 4
2 69
3 58
2 52
6 47
5 47
8 11
3 53
1 66
4 7
10 33
1 78
4 59
3 92
5 63
10 70
10 32
3 15
3 51
7 0
9 13
10 84
8 11
1 64
7 38
4 28
10 92
5 39
9 8
4 1
5 91
10 86
3 45
4 96
2 55
1 28
10 9
2 6
9 48
1 12
10 72
1 90
2 62
5 64
8 23
9 31
8 52
3 66
1 39
3 7
10 41
6 54
10 31
8 79
6 76
9 93
10 2
4 38
3 85
9 42
3 89
5 19
7 78
1 75
3 34
2 41
9 48
6 53
1 77
1 23
2 7
3 11
9 3
6 34
7 5
4 5
1 54
10 32
5 90
6 83
10 41
9 30
4 78
4 3
3 26
8 26
2 14
6 28
3 96
8 87
5 6
9 41
4 67
7 85
8 80
5 11
3 64
7 38
4 12
10 3
3 87
7 48
6 72
4 32
4 58
3 55
4 63
7 87
5 33
8 17
6 49
1 45
8 25
3 37
10 97
4 80
9 86
3 35
3 12
6 66
2 47
9 12
3 82
2 15
10 2
8 5
4 7
8 95
1 96
9 42
8 71
1 47
4 18
3 10
9 16
1 96
4 77
3 74
9 6
1 5
5 29
9 11
3 36
10 0
8 40
10 62
6 27
6 2
9 23
7 42
7 50
4 10
2 14
7 21
8 38
9 34
2 7
3 37
8 56
7 54
1 85
7 30
9 91
3 67
4 5
2 60
9 72
2 13
1 19
7 90
10 36
2 50
1 53
10 98
9 69
3 76
3 25
6 7
4 29
7 69
3 31
9 79
2 2
6 55
6 43
5 57
7 62
7 93
7 8
9 66
9 13
9 57
3 100
4 61
3 70
3 21
3 12
4 1
1 37
6 58
10 57
8 44
10 100
9 77
7 14
4 57
9 89
5 54
10 25
2 5
7 74
4 90
9 33
3 58
10 22
9 54
5 55
6 52
1 36
4 1
6 19
1 3
6 18
1 62
3 39
4 11
4 75
10 30
6 41
9 20
5 69
10 43
4 34
1 38
3 22
4 35
3 44
5 95
7 24
10 27
10 17
7 51
6 66
2 17
9 18
10 20
4 8
2 93
1 60
7 75
2 64
5 58
8 22
2 12
5 85
6 78
3 23
9 89
1 75
9 80
10 62
3 34
2 76
5 30
5 58
2 97
9 95
3 99
6 72
8 27
5 19
10 60
10 31
1 78
1 35
7 11
10 42
7 53
8 27
10 4
3 78
7 11
6 69
6 41
4 60
8 91
9 48
6 16
8 68
2 38
6 52
1 93
6 5
1 90
5 78
7 80
9 83
1 67
7 69
5 66
2 11
10 45
5 1
9 73
3 26
4 52
2 6
2 45
9 4
6 77
9 97
2 90
4 62
9 13
5 19
2 86
3 62
2 59
4 25
8 24
8 44
6 61
5 9
8 61
3 19
7 36
7 98
6 83
9 33
9 88
8 52
6 94
1 36
10 56
10 88
5 72
6 95
5 14
4 0
5 17
1 96
6 74
4 25
9 9
5 33
7 69
3 71
7 33
7 7
5 79
2 65
2 67
2 43
7 5
8 56
4 16
7 55
10 40
7 11
2 84
1 53
2 60
8 0
10 58
4 42
9 8
4 54
2 19
4 13
5 79
7 10
9 63
3 70
3 55
4 77
9 46
4 86
9 71
3 12
5 55
4 82
1 27
7 46
1 17
4 65
10 96
3 15
3 7
10 2
7 27
2 65
7 2
4 47
1 85
9 19
7 70
6 3
7 89
9 22
7 68
10 84
8 68
10 97
2 4
2 65
7 3
7 64
6 68
8 58
2 14
7 45
2 66
8 35
4 95
8 1
9 23
6 75
6 37
5 83
4 4
9 33
5 62
8 5
6 30
1 34
2 61
5 60
9 83
7 33
1 86
5 61
2 43
5 65
1 33
10 100
3 26
1 43
5 100
4 65
5 2
10 0
6 50
6 88
4 0
1 20
5 99
6 0
1 1
3 85
7 28
2 27
8 85
7 45
2 8
5 47
5 43
7 30
4 90
7 23
1 51
4 78
9 74
5 91
6 11
8 11
5 39
7 45
4 65
9 53
2 70
5 89
5 21
7 47
5 30
3 100
10 71
5 76
5 80
5 54
5 71
3 73
4 56
2 32
4 7
6 92
3 15
6 30
3 67
10 5
2 41
5 3
10 87
9 55
4 3
8 80
6 22
3 66
8 64
7 16
9 41
2 79
5 27
2 79
7 12
10 24
10 85
5 26
9 40
5 85
1 9
8 80
8 63
6 97
5 9
4 25
4 11
1 93
2 23
1 36
5 72
8 25
9 0
1 15
9 78
2 95
1 74
3 30
3 87
4 93
6 21
2 85
2 46
8 32
10 67
7 0
4 81
7 71
5 16
8 92
8 73
1 0
4 50
9 66
7 3
5 15
10 44
1 61
2 75
10 61
5 93
4 77
9 5
4 38
4 100
4 31
10 71
1 3
2 59
6 60
8 40
10 52
10 87
2 75
9 50
2 40
2 89
10 66
6 11
7 7
2 62
1 11
4 89
7 19
9 37
2 0
1 78
6 47
5 60
5 98
9 93
6 56
7 91
2 66
6 75
2 88
3 91
2 60
8 42
7 89
4 55
4 6
1 15
1 18
7 1
8 15
9 59
2 15
2 80
5 8
10 22
7 16
3 57
5 12
6 32
3 70
10 37
10 92
4 86
10 50
6 11
2 57
4 63
1 6
10 32
7 98
10 100
1 29
8 21
1 21
2 18
10 50
10 20
7 48
7 13
10 63
8 71
3 75
3 74
5 40
3 0
9 32
4 70
4 79
4 23
5 56
8 0
9 61
2 84
10 92
2 85
3 49
4 6
3 100
4 31
2 21
2 86
3 25
2 100
1 64
9 64
2 71
5 82
3 36
9 39
9 91
10 15
10 59
3 0
2 16
5 7
5 77
9 65
4 71
6 64
1 67
1 44
8 43
5 22
10 77
9 64
3 51
10 60
9 79
3 64
2 46
10 76
2 62
5 8
2 65
10 2
2 63
4 30
4 45
3 8
9 11
2 9
8 3
5 70
4 18
5 74
3 42
5 90
8 51
6 63
9 65
8 28
2 86
8 3
9 84
8 71
9 63
4 40
9 5
10 23
4 98
9 61
4 23
2 26
9 27
9 38
4 43
3 92
8 38
1 23
3 20
9 62
2 14
3 44
6 94
4 14
3 38
2 57
2 94
9 35
9 14
9 17
7 96
8 63
4 27
3 49
10 13
4 1
8 13
6 93
4 87
3 31
7 63
6 55
8 30
1 45
5 78
8 15
7 98
8 33
7 75
10 36
1 26
1 1
3 21
5 59
3 0
7 50
3 99
3 44
9 96
2 93
3 64
1 1
8 20
9 32
2 85
3 83
4 53
6 8
4 36
8 58
10 62
6 59
3 76
1 100
4 38
9 54
3 66
1 1
6 28
3 4
10 14
10 5
4 72
7 21
5 30
2 49
7 55
4 27
7 29
1 30
5 79
1 20
10 15
2 35
10 41
10 5
5 66
6 78
2 1
2 83
5 81
6 67
9 45
8 44
7 6
9 41
2 80
8 74
6 67
2 4
2 83
1 64
2 25
8 22
1 96
1 78
5 7
3 80
4 61
8 4
1 0
10 27
7 64
1 18
2 26
8 23
1 17
3 62
8 3
7 73
9 91
1 34
7 11
8 43
6 43
4 86
10 74
9 73
6 29
6 69
10 37
2 41
7 7
8 14
9 12
3 67
4 9
9 87
10 95
3 8
7 10
7 71
10 9
9 54
7 74
10 92
7 6
9 54
8 23
5 84
8 62
7 7
1 58
10 24
9 80
2 99
6 31
10 72
9 4
1 62
6 6
7 67
6 45
8 7
6 78
6 24
7 57
7 49
5 12
5 89
4 21
8 96
2 10
4 31
8 66
7 57
10 67
5 86
4 97
3 99
5 32
9 48
1 23
6 56
7 74
10 58
8 99
7 35
4 39
9 78
10 60
6 72
5 62
2 44
5 44
8 72
5 12
9 50
2 92
5 90
2 51
7 60
8 10
1 17
10 38
6 58
1 21
10 100
4 7
10 33
3 86
1 41
6 95
6 10
1 60
5 65
6 92
4 52
2 86
5 99
4 28
10 3
3 38
8 44
7 43
6 7
8 2
3 82
6 5
9 41
3 96
7 60
10 17
6 57
8 77
1 52
6 56
2 21
7 9
6 72
4 28
1 57
8 67
1 20
1 7
7 26
2 57
1 67
9 23
5 55
1 85
3 42
9 33
5 5
6 22
8 3
7 55
4 83
7 53
2 74
5 49
7 96
7 40
8 20
6 4
1 49
1 72
8 62
4 4
4 58
10 11
5 23
4 44
10 43
9 15
9 28
9 39
3 16
9 13
3 68
4 27
5 98
3 71
7 26
7 85
5 32
2 80
2 21
8 84
7 82
7 61
4 1
1 99
1 30
4 54
8 48
5 87
9 31
8 52
10 16
1 0
8 39
6 91
8 37
2 7
2 50
2 23
5 61
9 94
8 59
8 90
6 65
8 85
4 43
4 23
5 93
6 27
8 79
8 61
3 17
5 46
7 12
1 83
10 45
10 93
3 16
6 38
1 17
6 26
9 28
5 29
6 48
8 68
3 16
3 6
5 97
9 17
9 56
3 22
4 36
7 19
2 31
1 79
7 83
4 27
8 95
6 77
4 18
6 75
1 8
2 88
5 9
4 94
1 67
4 10
6 78
5 34
3 11
5 19
8 56
8 53
4 51
9 21
4 62
1 17
7 82
1 44
9 95
4 45
6 84
10 45
8 81
3 29
10 64
6 19
2 99
2 30
5 29
6 87
8 100
5 9
3 11
8 21
2 32
3 90
6 13
5 1
2 69
4 19
8 65
5 65
4 7
5 80
7 5
8 90
1 94
3 57
1 74
5 6
2 92
8 100
10 85
9 20
10 13
1 60
6 88
8 33
2 26
7 95
10 34
1 70
3 91
5 56
4 87
2 91
3 40
4 61
9 52
3 4
3 32
2 19
6 90
6 1
2 33
7 23
1 79
4 50
6 98
5 94
3 21
8 25
4 79
3 22
9 43
9 1
2 28
4 66
2 83
10 62
5 0
1 89
9 76
9 67
10 94
10 62
2 67
8 30
5 46
4 67
9 8
9 71
6 5
1 37
2 12
9 22
2 35
4 67
6 47
10 81
5 17
1 57
3 40
10 44
6 86
6 98
4 33
3 68
10 29
8 50
10 0
2 3
1 3
8 86
4 9
5 42
6 47
7 46
5 62
9 3
7 43
1 68
10 54
7 26
4 72
5 54
6 96
5 86
10 46
8 2
8 34
3 62
1 74
10 60
8 99
8 88
6 37
10 15
10 37
6 92
6 25
1 79
6 48
2 79
9 63
1 23
3 38
5 34
9 13
7 56
3 79
3 58
6 100
9 8
10 43
9 38
3 17
4 30
3 80
4 9
4 12
6 82
7 2
4 8
8 51
10 52
10 19
10 8
1 22
4 88
10 7
9 53
1 2
3 4
4 43
3 10
10 69
1 24
5 45
7 35
3 60
3 6
10 52
5 81
8 24
3 97
6 41
3 92
9 23
3 22
9 49
2 53
2 94
5 99
6 66
8 44
1 78
9 9
4 43
8 73
6 88
7 84
8 5
10 41
1 95
4 58
7 22
1 88
10 32
5 39
7 35
4 11
4 34
8 28
7 42
8 19
1 57
9 38
9 65
5 37
6 32
4 58
4 22
2 26
2 14
7 11
3 63
8 68
2 98
8 48
6 86
6 28
8 40
7 66
6 6
6 27
2 24
2 33
7 95
9 68
7 16
4 83
7 7
10 27
10 23
10 41
1 16
6 80
3 26
2 36
10 67
10 11
8 38
4 46
5 24
9 53
7 12
2 50
8 77
5 18
1 27
1 59
2 26
9 10
8 1
3 65
4 41
2 75
10 5
9 15
10 48
5 27
1 8
2 85
1 93
3 17
7 48
1 32
7 10
1 81
5 38
7 3
1 7
5 47
10 50
10 14
10 39
2 18
10 60
6 42
2 64
5 90
5 12
8 79
5 33
7 12
7 40
4 49
6 78
7 25
2 62
4 91
1 46
3 12
4 48
4 18
10 5
2 92
7 50
5 96
4 92
6 74
1 14
1 67
9 52
4 4
8 52
9 57
6 73
2 66
9 6
8 16
10 26
1 70
10 14
9 32
8 29
9 75
4 90
2 7
2 66
4 57
8 60
2 47
5 41
10 71
1 40
8 2
2 18
1 99
10 94
1 62
6 53
3 16
8 42
10 0
10 80
2 89
9 30
1 21
8 64
10 65
9 0
7 12
9 41
7 8
5 38
8 51
1 5
3 98
1 47
8 60
10 65
8 34
8 66
7 87
8 93
8 90
4 19
10 77
3 61
6 97
5 63
4 45
5 26
2 40
8 52
5 70
4 17
7 43
8 70
5 43
1 2
4 22
5 25
5 48
2 3
2 44
9 81
4 100
5 27
4 91
8 67
8 38
6 100
3 75
10 21
4 15
3 58
10 92
6 69
4 1
3 14
8 76
9 33
5 83
6 96
9 3
6 66
8 97
2 10
6 20
8 62
6 22
7 98
5 26
2 43
7 61
2 23
3 32
9 55
6 44
4 83
7 3
10 27
10 6
4 48
10 67
1 38
2 93
3 39
7 9
10 17
3 80
6 22
6 2
5 30
7 69
3 93
7 70
10 33
4 88
10 11
6 28
5 29
7 90
9 18
1 77
9 28
10 44
8 1
8 73
8 83
10 70
7 69
3 59
2 91
10 94
10 65
10 68
8 20
6 47
6 24
3 71
10 19
9 4
4 59
5 51
4 66
9 26
7 61
7 23
5 45
10 34
7 61
8 31
3 79
7 69
10 15
1 32
2 89
5 55
8 68
9 3
9 70
7 44
9 49
1 83
1 68
6 39
3 91
9 89
4 12
5 59
10 43
2 46
8 75
7 49
2 38
2 34
10 13
1 87
2 67
5 22
1 97
7 28
2 65
9 46
9 22
3 55
2 37
7 32
6 26
7 5
3 11
10 73
9 26
8 48
7 3
2 24
7 74
5 43
10 14
3 3
9 17
10 43
9 10
5 98
10 10
1 58
6 20
8 43
5 56
8 98
2 20
5 32
9 37
7 68
4 31
5 0
7 41
6 74
5 22
3 81
7 5
9 12
3 44
6 90
7 30
4 85
5 15
6 45
8 0
10 81
8 63
6 67
3 40
4 23
10 41
2 38
4 62
6 26
10 2
7 26
8 85
8 92
1 66
10 24
10 0
2 1
5 59
2 14
2 24
4 19
7 58
2 44
3 68
3 80
1 34
4 2
5 10
9 95
1 81
2 27
2 46
6 81
10 22
7 18
3 17
7 68
2 67
10 63
5 50
7 3
6 5
4 14
1 22
9 41
8 5
4 98
10 91
6 23
4 44
6 76
3 16
8 78
10 52
10 77
3 17
6 22
8 2
7 92
4 31
8 41
5 84
3 47
5 47
9 19
7 79
2 46
7 49
6 61
1 14
3 92
6 80
8 59
3 73
10 97
8 44
7 13
2 23
10 46
7 28
4 97
9 14
4 26
8 82
1 35
9 29
1 78
2 11
7 71
7 41
3 85
4 72
5 79
5 18
2 82
3 29
9 21
6 55
4 3
10 78
10 53
6 93
10 9
10 88
9 78
2 53
9 93
10 60
4 20
2 45
6 44
3 22
9 81
7 56
5 55
3 46
3 82
5 91
3 2
8 84
3 30
6 62
1 81
5 58
1 72
4 79
8 96
2 30
8 49
10 95
1 37
3 85
6 2
7 44
6 66
9 79
9 82
6 74
5 80
7 44
2 94
7 16
6 2
10 22
8 74
9 83
5 43
8 71
8 63
2 52
4 70
5 27
3 43
4 33
3 30
7 0
10 85
7 13
9 38
4 20
10 68
3 96
7 92
4 95
4 96
7 99
5 79
3 61
5 11
1 79
10 24
8 10
7 67
2 14
6 41
9 34
9 21
4 77
8 16
10 40
4 37
10 94
6 31
8 32
2 65
6 69
10 56
3 64
7 13
4 54
6 100
3 54
3 63
6 33
3 50
3 20
7 17
1 58
10 72
8 69
8 50
2 80
4 45
10 60
8 81
7 95
4 58
1 71
1 26
3 6
5 79
10 6
4 87
3 18
7 82
9 86
4 8
2 32
10 37
8 71
2 81
9 63
8 28
7 89
4 35
3 67
4 42
8 84
10 73
2 0
1 71
4 98
10 1
8 100
10 84
1 73
3 27
3 31
7 70
8 48
4 82
4 17
7 58
6 16
9 13
1 21
8 0
4 63
6 80
4 2
3 67
3 62
8 99
3 12
8 41
5 52
7 39
7 47
9 0
1 4
10 27
9 45
7 96
1 17
5 96
3 18
6 16
6 71
1 73
10 96
10 23
7 78
2 34
1 70
1 85
8 98
4 22
9 71
10 65
2 32
8 20
5 52
3 73
6 18
9 10
6 23
5 15
10 22
9 39
9 22
1 5
4 59
1 61
4 67
1 16
1 87
10 95
4 72
5 59
2 97
10 82
7 0
6 1
3 64
1 63
6 67
5 47
8 24
2 68
4 98
5 47
2 70
9 58
3 21
8 11
6 1
5 93
4 62
3 17
3 69
1 75
1 100
10 85
7 50
5 89
1 76
10 43
6 82
7 76
3 8
5 96
8 9
1 21
7 31
8 68
6 26
9 17
2 98
4 31
10 91
8 91
9 73
3 35
2 91
6 31
1 95
5 21
7 84
3 73
1 94
4 70
6 86
8 54
3 77
2 23
7 96
8 66
9 86
2 57
2 17
9 42
4 19
8 65
4 92
6 83
8 10
10 61
7 64
8 30
7 29
9 57
1 64
7 57
7 98
2 44
9 60
3 46
6 38
10 79
10 97
3 26
5 19
8 60
2 86
6 4
4 83
4 75
5 60
1 43
9 38
4 64
9 89
2 83
8 31
2 46
10 5
8 92
8 30
10 2
6 14
5 85
9 94
6 26
10 64
5 53
3 7
1 84
2 64
7 63
1 49
4 77
6 31
7 91
6 13
8 56
4 87
7 51
2 24
1 39
3 16
10 2
6 21
9 18
9 68
2 61
10 8
1 70
4 54
8 32
5 26
4 75
3 15
4 4
7 99
2 31
8 34
5 5
2 39
2 6
7 40
3 43
5 62
1 2
5 90
4 63
10 69
10 42
8 21
7 49
9 61
2 68
10 89
4 10
1 55
1 5
5 66
2 2
5 52
3 99
2 100
2 12
7 35
1 50
7 91
4 33
7 99
5 72
9 34
7 4
3 19
5 4
1 82
9 30
8 37
7 83
2 73
3 46
8 82
4 92
2 92
6 80
5 92
8 20
10 3
7 32
4 92
7 74
9 54
1 59
7 88
10 98
1 53
1 5
7 47
3 43
1 36
2 21
2 0
4 92
5 7
6 59
7 95
5 98
5 57
4 86
3 75
4 73
1 73
2 100
6 73
4 42
8 26
1 14
2 21
4 35
4 93
10 23
6 98
3 52
5 78
7 4
4 24
8 51
10 1
9 30
1 58
6 17
10 24
8 7
5 41
4 35
8 42
2 78
1 44
3 65
8 35
4 87
10 48
2 78
6 17
4 31
8 10
7 7
10 34
5 63
6 18
5 32
3 8
1 60
1 68
9 77
10 12
3 59
3 10
10 48
9 48
5 33
2 62
1 73
1 51
8 70
9 78
2 79
2 1
7 24
1 91
1 82
3 87
8 42
7 50
5 51
9 28
10 33
1 2
10 73
6 42
6 54
1 95
2 58
7 72
10 26
3 61
3 30
10 48
10 59
10 12
2 16
4 4
3 74
2 60
3 1
7 76
8 57
6 51
9 75
8 24
1 48
4 27
1 8
10 92
4 57
1 57
7 26
4 47
4 18
5 35
3 54
1 34
1 9
2 5
2 82
7 37
6 21
3 88
2 75
10 17
10 84
5 70
4 26
9 6
9 90
7 19
2 41
5 37
7 47
9 94
10 8
4 79
3 27
6 46
9 33
2 14
2 7
7 21
2 67
7 22
1 47
10 13
2 88
5 60
6 55
2 94
6 28
2 32
10 50
5 6
6 60
4 20
6 39
1 80
4 53
1 2
6 18
4 46
3 84
2 74
1 43
8 82
10 15
9 99
5 84
8 54
5 15
10 71
6 79
6 60
8 2
9 52
10 100
7 27
8 79
1 83
9 24
9 44
8 60
5 52
9 19
6 77
1 45
2 51
4 22
7 80
2 23
6 19
2 51
10 70
7 82
3 6
7 66
2 97
6 56
1 22
5 25
2 89
9 98
9 15
10 39
1 86
5 38
4 29
8 83
2 68
8 63
5 81
7 25
10 60
3 11
6 85
7 88
6 32
3 60
3 9
8 32
9 25
6 12
8 20
3 51
9 91
5 30
2 19
10 69
10 19
2 31
1 35
2 77
6 2
6 8
4 72
2 77
2 82
3 61
7 47
5 55
9 16
9 75
3 86
3 72
10 11
10 36
2 10
7 77
2 72
8 18
7 22
5 91
5 47
2 96
10 66
5 74
4 33
3 13
4 63
4 30
9 11
2 52
4 52
1 15
8 86
2 85
8 34
1 84
10 55
7 77
4 38
2 46
7 100
6 29
7 5
2 60
6 51
5 97
6 41
2 27
6 22
4 3
5 58
2 41
6 94
5 86
1 80
2 77
10 44
10 36
10 49
10 14
2 80
10 13
1 51
5 94
1 17
3 85
5 61
4 15
1 39
6 100
8 65
4 15
2 74
2 4
9 16
3 95
10 65
1 13
9 8
8 75
2 41
4 61
10 18
2 41
8 60
8 85
9 8
5 11
6 76
6 0
2 93
10 0
7 38
4 40
2 87
3 64
5 25
2 100
3 90
5 63
6 4
7 3
7 56
5 98
9 54
4 32
10 31
6 37
9 72
1 11
3 70
10 26
10 61
4 93
1 5
3 96
4 46
6 60
6 31
6 21
1 49
7 16
9 78
1 64
3 19
7 1
7 34
1 64
2 64
9 3
10 13
4 50
6 85
9 41
6 41
4 34
6 49
10 37
3 58
10 65
9 79
5 41
1 8
2 40
4 62
8 67
6 6
8 27
4 14
8 64
7 84
10 49
5 46
3 14
3 2
9 80
6 2
3 6
9 58
4 40
5 16
5 51
10 5
8 51
9 54
4 85
2 32
8 13
6 61
7 88
5 45
1 73
5 9
3 72
7 36
4 82
4 9
5 50
9 52
5 37
5 3
1 51
4 35
9 89
4 8
1 19
6 14
1 79
9 76
8 3
1 68
3 17
1 55
10 56
7 37
5 47
5 89
2 76
2 46
10 44
6 63
6 20
8 56
1 24
9 50
1 34
8 84
10 24
1 96
6 31
1 51
9 56
4 93
4 84
3 43
3 20
5 62
5 3
3 54
9 83
5 58
5 29
3 35
6 14
8 0
5 91
6 45
1 97
7 85
10 51
8 100
4 26
4 90
2 30
1 77
1 9
2 76
9 45
3 80
2 57
5 77
5 98
3 8
8 22
6 21
6 1
1 58
1 38
5 94
10 51
8 24
5 55
9 79
9 2
3 29
1 81
7 25
3 81
4 1
8 32
7 37
10 85
8 38
5 16
8 96
3 90
10 75
10 22
6 66
2 71
2 53
9 28
9 22
6 59
7 30
1 38
10 5
2 14
9 62
2 36
9 19
7 5
3 80
4 53
8 89
8 59
2 4
7 84
4 46
5 33
7 65
2 87
1 92
2 8
10 94
7 59
6 13
7 97
5 50
5 39
9 27
10 86
7 61
3 22
10 75
4 34
5 0
2 21
7 75
3 38
1 8
4 84
10 15
9 15
8 40
4 1
4 66
10 98
6 24
9 8
6 39
8 12
9 42
10 82
1 86
8 10
10 45
1 35
4 84
2 9
8 46
4 28
3 50
1 66
6 11
7 76
7 67
4 80
10 18
8 37
7 41
10 3
2 77
6 10
10 77
7 93
1 15
8 89
9 1
4 43
6 78
2 33
1 41
2 57
3 45
3 0
9 74
4 15
5 95
5 5
3 66
10 99
6 24
2 7
1 100
2 94
10 13
1 70
10 8
2 60
4 29
7 28
8 28
6 13
9 56
3 67
2 26
9 73
8 2
5 82
5 66
2 40
5 34
3 82
9 98
4 89
7 6
4 21
3 63
2 46
5 81
8 83
9 71
9 67
9 74
5 45
4 7
6 99
8 74
1 92
3 85
10 45
5 20
2 62
8 84
4 40
3 0
7 49
3 52
7 36
8 22
10 40
8 1
1 19
5 17
7 13
2 82
7 34
7 83
8 88
2 85
4 36
3 39
10 68
10 5
9 17
10 2
1 6
5 26
3 73
7 68
6 49
4 72
5 20
3 29
10 82
9 74
9 40
6 96
7 55
5 28
5 5
8 78
3 28
9 46
2 98
3 48
5 42
9 81
2 52
3 70
10 39
2 72
9 48
9 14
5 14
6 2
2 14
1 20
2 2
9 90
2 65
3 53
7 83
7 79
5 75
6 1
10 76
9 42
7 30
3 64
10 7
10 12
2 43
10 33
7 40
1 0
4 6
10 44
7 26
2 48
10 73
7 77
10 44
6 48
2 50
8 13
3 3
1 69
9 50
5 84
9 54
10 43
2 76
2 73
7 33
8 9
7 67
5 10
6 28
2 71
9 90
2 91
4 79
6 74
7 82
10 29
6 32
4 9
7 95
1 18
2 3
5 86
4 78
7 13
4 39
5 33
7 53
5 84
7 52
3 16
9 49
8 1
3 52
2 91
4 63
5 85
1 43
9 79
6 20
4 62
4 85
2 54
10 56
1 54
4 97
6 49
7 45
10 39
1 3
2 71
10 65
3 5
5 7
8 57
7 2
8 20
6 98
7 2
8 58
2 30
9 95
1 77
3 39
10 74
7 71
10 37
6 67
5 15
3 79
5 39
7 46
10 3
9 31
8 33
3 39
8 75
2 70
1 55
6 38
2 8
6 97
1 96
10 48
3 7
9 62
8 90
5 20
1 73
4 56
4 18
1 100
3 91
5 71
10 61
4 73
8 14
6 35
6 64
5 57
9 3
4 0
1 42
8 13
1 20
8 13
1 40
4 5
7 66
1 96
6 14
10 59
10 26
2 63
8 44
3 91
10 41
2 87
4 4
2 7
7 96
9 63
1 57
9 36
9 8
5 33
5 91
8 75
7 79
3 57
5 68
8 53
7 15
5 81
5 54
6 63
1 7
10 24
5 31
6 57
1 98
4 11
9 64
7 22
8 69
4 22
4 37
6 69
6 89
4 18
9 99
3 54
9 38
3 71
10 90
6 35
3 71
10 39
2 56
7 11
4 27
7 37
3 52
5 15
6 84
6 32
6 20
4 99
8 71
2 77
9 58
5 77
5 26
2 33
3 54
6 11
4 65
4 12
2 20
10 79
5 46
7 80
8 36
4 7
4 62
8 64
3 82
9 81
2 42
3 25
2 61
6 82
10 92
7 56
6 48
3 66
5 6
10 4
2 21
4 42
6 53
7 77
3 48
2 24
4 74
1 23
9 64
1 92
1 63
2 57
5 6
4 2
3 39
7 92
3 7
4 84
4 15
8 44
2 23
8 38
7 0
4 49
3 18
8 44
1 93
5 97
4 98
9 22
3 82
8 98
1 23
1 5
5 14
10 87
4 11
7 72
4 50
2 7
8 51
2 9
4 50
6 63
10 62
6 64
9 90
8 52
9 52
4 95
4 78
7 56
2 31
8 5
5 13
2 97
4 35
1 74
8 92
9 71
3 92
4 34
4 59
3 78
3 30
4 86
5 57
10 98
10 80
3 87
9 78
6 68
10 58
5 8
9 100
9 72
3 31
10 47
2 35
2 52
5 26
8 76
1 31
10 75
6 52
2 24
1 47
4 27
5 26
2 70
9 35
9 33
6 70
6 98
5 89
2 22
10 22
4 82
9 72
1 67
9 33
2 3
9 21
3 34
7 7
6 15
9 64
3 44
6 22
6 8
5 12
10 8
2 8
7 33
8 94
10 27
7 72
6 46
2 70
10 98
7 86
2 82
5 1
1 91
4 58
1 49
8 25
1 9
2 10
5 74
5 100
2 44
9 2
5 100
2 82
2 54
7 55
7 44
2 25
2 37
6 94
2 91
8 56
8 93
1 33
2 7
5 29
6 85
2 10
6 49
6 12
4 35
8 36
1 10
8 30
7 14
9 19
6 21
4 49
4 43
3 11
8 54
2 75
9 73
6 77
9 51
7 36
8 38
6 55
7 22
1 68
2 81
9 73
4 60
6 8
1 94
8 54
2 5
10 15
9 82
3 78
6 9
9 63
8 7
6 92
1 11
4 77
9 45
10 100
9 82
7 75
1 54
8 38
9 21
7 5
3 1
1 96
9 34
9 15
9 36
6 29
1 83
1 59
3 37
7 2
6 26
4 90
4 0
6 89
10 15
8 46
5 40
3 91
1 1
7 71
1 41
9 40
9 99
3 62
8 24
10 60
4 100
4 57
5 83
6 84
1 69
9 2
9 17
10 81
7 23
10 78
7 1
4 41
3 51
6 23
10 47
7 80
8 83
8 85
7 42
2 16
10 84
8 81
4 23
3 69
5 74
3 49
9 79
7 25
6 37
6 78
4 43
2 50
2 68
9 54
3 41
5 88
10 21
9 75
8 100
1 78
7 0
3 25
5 22
6 40
2 84
5 0
5 41
6 45
7 71
9 91
10 28
9 91
10 55
3 58
8 51
4 17
7 48
9 100
2 47
7 73
1 31
4 94
9 53
6 41
9 81
4 91
4 77
7 80
4 58
6 100
6 42
9 44
3 51
6 49
6 58
5 79
1 70
5 59
10 11
6 66
1 37
1 51
6 99
7 64
1 59
6 19
7 81
6 53
9 2
9 47
1 8
6 17
10 22
10 53
2 82
8 82
6 80
1 0
4 18
8 53
1 41
3 85
8 31
5 92
7 15
4 90
4 44
7 8
2 83
9 96
10 38
5 9
5 94
1 68
10 1
10 79
4 31
3 26
2 6
4 54
7 67
2 88
3 39
7 59
10 12
7 76
3 65
3 57
10 52
3 82
10 83
6 49
1 25
6 23
3 87
7 90
7 21
8 50
7 14
5 79
8 48
5 100
7 57
7 59
7 70
1 42
9 65
6 80
7 24
4 95
3 42
1 2
6 50
8 26
5 63
3 79
2 37
8 39
2 17
6 76
5 6
1 36
1 84
8 70
3 25
5 7
10 82
5 12
4 36
2 3
10 97
4 62
10 54
7 72
3 47
2 31
1 20
5 59
6 44
3 31
9 95
6 68
4 94
4 73
3 95
8 92
4 99
6 70
5 4
10 4
7 45
8 34
7 49
4 15
6 55
10 94
1 15
5 40
2 22
6 31
3 31
8 81
6 90
9 42
3 90
2 18
1 97
7 47
8 89
5 86
4 44
1 24
2 19
7 26
1 23
8 93
2 61
9 52
2 42
8 52
3 7
7 4
1 82
4 71
2 92
3 92
6 46
4 82
2 94
6 86
2 45
4 54
6 17
8 49
8 4
5 96
1 30
3 23
9 51
6 19
5 47
10 70
8 100
6 9
9 84
1 65
5 21
8 24
1 17
2 54
6 22
9 10
6 16
7 60
6 44
4 92
8 88
10 76
4 6
10 55
9 66
8 46
10 94
9 100
6 4
1 72
5 85
3 97
1 15
5 19
3 36
10 96
9 83
9 22
7 46
1 83
9 1
3 97
2 11
9 73
6 16
1 23
7 85
2 88
4 87
5 92
8 13
8 43
3 23
10 54
10 76
10 17
1 31
10 15
4 19
1 82
6 62
3 60
4 78
10 60
1 44
3 40
8 88
9 18
1 49
7 10
10 50
4 30
5 0
3 96
10 69
4 49
9 36
2 1
6 17
1 82
3 23
2 59
6 28
4 10
7 40
10 99
6 74
10 65
7 39
10 32
4 34
7 50
3 91
10 85
6 83
5 67
1 48
3 24
1 68
10 37
8 92
10 24
2 90
5 29
7 30
4 76
9 37
7 99
8 62
7 40
8 3
10 85
1 23
10 43
9 92
1 85
10 98
2 77
10 59
1 35
7 97
8 13
2 52
5 34
7 66
9 86
3 76
2 75
6 14
8 27
1 40
9 76
6 97
5 74
6 27
2 4
1 74
9 43
9 75
5 63
7 62
6 58
1 81
2 50
10 3
1 4
3 63
2 0
6 99
3 1
4 30
5 6
5 7
5 19
5 36
3 17
6 26
3 43
1 22
6 60
2 51
4 86
4 63
5 68
4 73
3 54
9 73
5 87
6 76
9 73
4 88
6 55
3 72
4 74
8 10
2 83
6 61
3 73
4 80
2 59
3 50
10 39
2 80
9 96
5 52
1 12
5 77
1 9
2 100
3 31
4 0
8 75
10 27
7 73
6 78
2 20
7 95
8 73
1 42
2 41
10 17
1 56
6 37
4 3
3 32
6 72
2 11
7 39
7 84
1 99
7 50
4 98
7 47
6 73
9 22
9 41
4 97
10 93
1 4
7 99
3 0
3 62
7 85
5 77
2 73
5 22
1 83
2 68
6 89
2 25
6 16
1 70
6 0
3 92
7 20
9 2
4 52
6 26
2 50
4 49
5 11
1 38
4 20
3 12
7 12
7 16
10 5
10 23
7 41
8 66
10 58
7 67
1 47
3 59
5 44
1 2
6 2
2 87
10 85
3 83
7 7
3 33
3 97
10 89
6 57
5 47
7 19
8 5
6 15
2 77
9 52
9 60
10 17
4 0
6 71
10 14
5 51
6 20
10 9
2 81
5 66
1 99
7 83
7 58
8 0
7 53
1 61
5 3
5 22
4 31
6 78
1 46
10 41
3 27
3 37
4 4
2 34
8 87
10 90
7 25
1 39
10 80
7 81
6 9
1 99
3 99
8 81
7 55
8 9
6 9
6 10
7 23
6 30
6 94
10 92
4 52
3 13
8 96
5 59
5 77
8 26
9 18
8 19
1 67
1 9
2 47
6 14
1 12
10 32
7 34
4 74
3 19
7 78
2 98
4 100
10 73
3 67
6 2
3 11
9 98
9 0
3 43
3 55
8 11
2 86
8 45
9 15
6 43
8 25
10 78
5 33
1 71
2 17
3 79
5 45
10 22
1 33
2 27
1 53
3 61
3 76
4 98
2 35
5 3
3 21
5 11
10 57
3 53
1 68
9 79
1 62
10 10
5 33
1 28
3 6
8 64
5 25
4 86
2 96
1 23
1 99
3 87
9 53
7 50
3 80
9 47
6 26
1 59
3 67
9 47
6 90
8 31
1 22
6 63
4 89
7 99
4 33
3 80
4 58
6 18
5 83
9 85
5 67
2 41
10 53
8 46
10 32
7 11
8 47
9 33
3 29
6 83
7 27
3 67
3 26
10 90
2 73
2 27
5 18
1 6
9 47
3 54
6 90
8 69
7 32
2 9
1 25
1 2
1 55
7 8
4 16
4 22
6 65
9 16
5 42
10 82
6 10
6 41
7 48
3 25
2 11
7 16
10 75
1 4
3 40
4 28
1 78
10 93
10 44
8 28
7 37
4 52
6 19
2 45
10 46
10 0
3 60
2 84
3 12
3 35
7 63
5 62
8 96
2 6
3 23
8 17
7 56
7 62
4 63
6 35
8 92
7 68
1 50
2 72
4 83
10 18
5 26
10 31
10 79
1 20
8 59
6 5
5 90
1 76
6 16
8 86
6 76
1 77
6 65
4 56
8 82
1 54
5 68
9 20
3 40
7 16
8 73
9 73
3 70
3 55
1 97
4 67
2 34
9 84
9 48
7 35
7 98
7 12
4 73
10 61
9 35
4 6
9 37
1 60
3 90
7 90
3 75
4 75
2 18
5 39
5 0
2 43
7 84
9 61
3 66
7 22
4 4
4 71
5 58
7 17
5 76
1 48
8 22
3 49
10 70
7 26
8 71
6 8
5 88
10 95
7 70
3 6
4 76
5 4
5 65
3 89
6 93
4 80
4 68
10 37
7 90
7 56
7 97
4 92
1 46
7 27
9 19
1 50
2 79
8 67
5 51
5 5
1 61
4 98
9 0
2 0
3 76
3 59
9 79
8 96
2 98
3 19
1 69
5 57
8 48
5 84
3 1
8 24
4 16
1 8
1 41
2 24
2 89
8 32
10 74
9 88
1 11
2 81
9 14
2 52
7 10
8 94
8 75
1 15
1 8
1 69
9 72
5 0
8 75
3 81
2 57
9 34
10 33
1 81
5 85
5 42
10 61
8 43
6 18
7 93
10 98
10 73
7 59
5 92
9 40
6 80
1 7
1 1
8 72
4 68
7 84
9 62
3 35
6 28
6 13
8 5
1 45
2 1
8 92
6 35
9 23
1 35
10 33
8 41
8 1
9 65
3 29
10 22
3 37
1 75
1 39
2 91
1 63
5 17
4 69
2 54
9 56
7 81
10 78
10 86
1 87
6 13
1 57
6 77
8 35
2 72
1 1
5 42
2 51
1 78
1 98
10 100
9 100
5 29
3 31
9 78
4 82
7 14
3 53
10 5
4 59
5 58
3 4
3 96
10 9
7 46
3 95
7 74
10 80
7 39
9 54
1 71
2 36
3 66
1 3
7 88
9 8
2 28
2 31
1 76
10 8
1 46
1 24
6 15
5 31
2 54
3 3
10 93
9 50
7 47
6 97
9 80
5 61
7 34
8 30
4 35
4 78
2 73
6 60
9 12
8 63
9 58
9 57
3 29
2 42
9 66
1 46
10 31
4 100
1 1
5 9
1 86
7 17
5 100
4 17
6 52
5 72
3 30
6 71
2 100
6 58
7 34
3 84
2 14
2 84
7 71
2 88
1 52
6 41
10 12
7 28
5 41
6 39
2 81
10 52
8 8
7 6
8 99
5 12
5 73
1 81
10 44
1 45
9 86
5 61
7 31
4 79
9 1
3 1
2 12
7 38
9 92
8 95
10 24
9 49
6 92
1 77
2 92
5 18
8 63
6 83
9 27
7 38
1 6
1 17
5 21
4 69
10 41
4 11
4 36
9 25
2 42
10 18
8 65
10 21
7 80
7 72
1 49
6 47
5 74
2 88
9 62
9 87
10 9
2 32
10 75
3 58
6 90
10 6
1 34
5 64
4 14
7 51
3 74
7 73
5 62
7 43
8 62
1 23
7 61
2 66
5 15
3 83
10 21
7 0
2 97
7 17
1 5
5 30
8 7
2 46
1 10
7 61
3 17
2 29
7 47
9 22
3 11
9 50
9 81
6 60
8 38
9 55
9 22
2 40
3 76
4 82
10 15
1 79
9 75
9 17
3 63
6 70
10 46
5 30
2 11
3 15
2 33
3 59
10 16
4 24
8 83
1 39
4 41
8 23
7 85
2 22
9 12
3 24
4 30
5 95
9 9
7 80
10 44
7 63
4 57
5 18
8 38
10 76
3 28
3 27
4 62
4 92
3 51
1 84
6 60
6 36
1 79
9 93
4 92
10 15
7 91
6 0
9 16
1 89
8 62
9 56
2 43
7 93
9 17
2 2
4 31
7 34
4 88
7 30
2 21
3 18
2 24
9 44
9 69
5 82
3 15
1 53
1 64
5 89
1 17
6 60
2 55
1 7
9 76
1 47
3 21
6 84
7 42
4 31
5 29
7 21
4 37
3 16
8 44
3 41
7 54
2 35
2 62
1 9
10 47
6 68
10 93
7 37
9 69
8 57
8 37
8 98
3 52
2 76
6 48
4 96
1 96
10 28
1 85
6 53
5 70
1 15
2 9
8 59
7 86
10 22
8 62
1 23
6 76
2 0
6 37
10 34
1 53
10 77
9 70
7 51
9 6
4 57
9 23
10 89
8 94
8 6
3 38
6 25
1 84
7 65
10 47
10 81
3 57
3 94
3 44
1 79
5 17
9 88
7 23
1 79
1 55
3 25
7 100
7 72
9 11
2 24
7 15
3 49
2 64
2 36
4 23
3 10
7 61
1 36
6 80
9 65
4 82
4 86
2 20
9 82
5 81
4 36
2 42
4 76
10 2
2 3
5 61
4 7
9 97
5 97
6 47
2 36
10 80
8 37
1 79
10 63
6 67
2 37
3 96
1 16
3 40
6 78
6 78
1 54
4 55
3 87
2 100
6 73
7 73
9 65
1 60
2 50
3 34
5 65
2 12
6 4
9 74
5 65
9 87
8 33
5 37
9 19
4 40
1 35
5 28
7 60
7 50
10 80
8 72
10 11
3 25
10 60
2 54
2 84
5 22
5 79
8 48
7 68
4 23
2 79
3 94
9 27
2 33
10 26
5 100
9 78
3 24
4 45
9 49
3 3
5 90
6 31
5 0
3 49
4 83
4 16
1 69
3 44
3 22
9 42
1 10
8 90
10 23
6 26
3 63
7 64
8 12
6 22
5 50
10 91
8 57
2 63
4 68
3 61
1 79
10 88
10 18
10 65
7 26
7 97
5 100
4 79
2 16
8 57
2 53
6 53
5 45
3 19
6 66
2 51
1 48
10 68
8 58
2 95
5 50
3 40
2 51
6 95
7 21
10 100
5 75
10 27
1 74
6 19
2 45
10 46
3 52
10 62
5 98
1 31
8 72
7 77
6 73
5 52
7 30
6 35
7 34
8 2
6 12
2 5
3 70
1 84
8 58
9 60
10 93
1 23
1 41
2 45
3 1
9 55
9 92
6 39
9 88
2 91
3 98
9 82
7 64
3 66
3 32
4 47
3 72
2 80
1 6
2 47
8 42
8 39
5 93
2 56
7 2
9 10
7 43
6 92
10 76
2 98
9 64
8 92
2 53
1 84
4 47
9 62
7 27
7 32
2 52
2 97
7 16
9 31
3 9
5 19
8 94
9 86
7 82
4 85
9 48
8 2
5 32
8 88
2 5
4 59
6 21
7 30
6 15
7 88
4 52
4 40
2 37
5 4
10 60
6 30
7 70
2 33
10 24
2 65
9 96
10 86
10 21
6 19
1 17
8 88
9 9
5 1
7 39
7 40
9 56
9 15
9 67
6 52
4 42
9 72
8 20
4 61
7 87
5 50
1 68
7 58
9 92
4 9
9 64
10 58
5 47
2 16
8 32
7 44
7 87
9 86
9 45
6 33
6 67
9 37
2 33
3 79
8 93
10 62
3 61
3 40
5 88
5 73
1 40
10 58
2 51
8 25
1 56
6 0
1 77
6 69
3 7
4 1
10 54
9 16
3 8
10 27
8 22
7 90
2 62
8 58
1 98
6 45
8 46
10 31
6 25
2 12
1 18
9 73
1 69
3 76
10 10
8 28
5 56
4 79
9 10
10 56
8 7
2 14
10 17
9 80
1 99
9 15
10 3
9 93
1 53
3 85
8 21
9 79
2 89
7 58
3 10
2 51
6 9
8 65
3 89
9 59
7 79
7 1
10 87
10 61
9 45
9 6
10 45
10 43
4 77
8 30
3 14
7 37
2 99
9 90
6 51
6 92
1 67
9 44
10 2
3 84
2 99
9 14
8 49
7 22
3 69
10 4
5 93
3 96
6 10
8 65
1 43
8 36
1 60
7 31
3 78
5 46
3 67
8 67
7 50
9 2
10 36
9 40
4 45
6 69
1 28
2 80
9 65
5 66
2 86
4 62
9 91
4 81
1 27
3 92
7 38
2 79
1 38
4 72
8 10
9 61
2 42
1 28
5 100
6 93
8 40
10 28
3 7
9 10
7 57
2 73
8 80
8 29
9 18
8 81
2 63
9 74
1 69
7 71
9 6
2 2
10 1
4 1
6 71
3 20
2 53
6 26
8 74
6 99
2 62
4 70
5 16
5 35
4 73
1 10
10 98
1 91
5 7
7 3
5 62
4 90
9 93
5 78
10 86
5 88
10 55
5 44
9 68
1 11
5 11
6 36
10 13
3 49
2 11
5 91
6 15
10 28
10 54
1 33
10 10
7 73
9 62
5 28
2 41
9 85
8 95
9 15
7 81
5 47
3 88
8 75
7 34
9 2
7 26
6 48
10 39
6 30
10 94
8 31
2 11
8 53
1 21
9 91
2 77
6 61
1 69
4 40
3 0
10 2
3 11
7 41
3 41
7 45
10 89
7 89
4 1
7 80
1 56
1 63
8 65
8 38
7 5
8 81
9 11
1 89
8 65
5 18
6 64
2 95
10 41
9 99
4 69
5 61
9 3
10 38
6 6
5 76
1 14
10 10
2 27
2 30
2 49
6 44
1 44
4 65
5 13
3 18
9 89
7 27
6 7
4 80
9 43
4 86
10 38
4 76
1 91
8 96
8 23
8 94
10 93
4 16
6 26
2 17
10 97
2 22
8 22
9 64
9 41
10 81
8 66
4 40
6 68
10 50
10 2
2 32
3 6
9 14
5 36
1 82
6 54
1 36
8 68
3 16
1 92
3 78
7 76
5 64
1 93
1 80
8 12
3 63
7 27
8 89
8 6
4 86
7 61
10 96
1 57
3 60
7 41
6 74
7 76
2 15
8 80
9 14
10 20
4 32
9 43
9 87
6 91
3 9
2 22
8 96
3 19
3 49
7 86
1 13
5 32
9 38
7 27
6 49
5 3
5 5
5 65
7 44
7 26
8 98
10 61
3 24
3 34
7 86
4 6
8 26
9 36
9 34
1 37
3 48
10 89
9 58
2 85
10 21
2 34
4 41
1 54
1 4
4 87
6 27
10 62
8 4
3 97
5 57
9 47
4 46
7 19
8 74
3 17
4 13
2 35
1 45
4 38
8 33
9 48
8 74
5 85
7 49
7 62
7 43
3 39
10 34
10 26
9 72
2 65
7 38
9 67
1 47
5 96
7 97
5 93
9 100
8 13
2 28
4 88
9 23
4 67
8 51
9 28
8 87
3 95
7 87
3 28
1 67
10 91
6 92
6 9
5 45
9 29
1 26
3 67
10 93
4 93
1 19
7 58
9 35
6 37
10 36
4 55
2 29
8 1
8 24
7 63
10 32
5 19
3 29
9 51
1 47
8 70
5 34
9 87
1 34
1 33
2 44
2 81
2 49
10 67
3 18
6 26
8 36
2 2
6 58
5 74
10 72
4 66
7 89
1 29
10 41
6 19
6 58
8 53
1 58
9 94
1 72
1 71
5 29
3 16
1 38
8 50
8 32
7 24
2 32
1 17
9 4
6 9
10 26
9 38
7 87
10 19
8 64
4 38
7 55
1 63
10 27
10 3
5 10
10 76
6 53
10 69
7 54
9 68
10 71
5 54
8 54
10 38
2 9
6 84
2 50
6 71
9 46
8 70
7 3
8 12
5 50
2 19
8 98
8 2
6 95
3 63
7 63
2 33
1 11
9 51
2 37
3 94
8 67
10 4
9 54
8 75
8 22
4 57
4 49
9 45
7 89
1 55
5 60
2 15
3 49
10 16
6 43
2 25
7 23
9 25
8 24
4 50
7 46
6 2
4 82
8 36
4 23
7 35
9 74
9 60
7 67
3 56
5 86
1 26
6 4
10 6
10 26
8 19
4 19
9 9
2 83
2 34
5 70
10 51
6 19
2 97
10 87
2 77
10 7
2 8
6 36
8 5
1 12
8 67
8 83
8 63
2 74
5 65
8 74
1 13
1 86
2 45
5 81
3 23
1 61
4 95
10 96
6 22
3 39
8 94
4 87
1 53
9 43
6 74
6 8
7 60
4 64
7 27
7 43
2 49
5 96
3 95
10 17
7 95
1 14
1 59
8 17
9 26
3 92
8 18
8 72
9 23
3 74
10 38
2 71
6 63
7 10
10 69
3 62
8 44
3 92
8 93
1 16
7 27
5 33
10 47
2 13
7 81
9 33
2 96
1 81
10 23
7 16
3 50
3 37
8 91
7 71
4 15
3 59
2 23
10 75
3 30
9 99
7 65
5 92
10 20
8 12
5 97
3 59
3 54
2 33
6 9
5 71
6 24
8 22
8 82
10 8
9 46
10 48
2 43
6 77
1 3
7 45
5 27
10 55
10 62
2 13
2 50
6 97
6 24
3 97
7 46
9 51
1 91
2 55
10 68
7 21
7 54
1 23
2 90
6 57
9 82
8 30
7 53
6 51
9 85
5 48
1 69
2 67
8 9
2 13
7 8
3 90
1 35
1 55
9 12
3 81
10 84
10 87
6 80
5 16
6 12
10 23
5 42
6 91
4 69
6 73
5 21
3 40
3 51
3 18
9 57
4 21
5 30
2 50
5 23
6 15
1 39
4 3
5 3
3 11
7 39
6 17
8 59
3 44
2 87
4 15
10 18
2 44
2 0
1 27
4 20
6 11
7 21
7 61
5 16
4 83
3 76
5 33
3 35
8 94
4 75
9 76
3 58
7 65
10 50
6 3
2 59
7 61
10 62
1 25
2 54
9 17
5 31
5 52
4 30
4 57
8 35
8 87
10 94
5 5
1 45
7 62
5 61
4 41
5 26
8 0
6 79
10 62
4 82
8 60
1 84
6 95
3 1
3 64
5 88
1 61
10 1
2 55
8 20
8 94
7 24
6 60
3 79
1 55
2 60
3 76
4 95
9 22
1 96
9 32
5 44
10 37
5 79
10 6
10 79
7 100
2 56
3 68
4 40
3 69
3 15
4 39
3 27
3 99
4 82
2 4
10 1
5 0
2 78
5 15
8 46
6 84
4 6
7 99
9 92
10 98
5 48
1 24
4 18
8 74
8 66
1 31
7 69
3 83
7 91
3 3
6 58
7 99
9 19
1 2
9 69
6 82
8 39
4 22
6 39
10 39
8 15
9 37
10 99
8 100
5 1
6 61
9 82
9 61
6 11
7 72
8 91
6 70
9 60
7 80
6 20
8 72
3 9
7 78
10 57
3 97
7 94
7 2
5 66
6 97
5 18
5 46
10 90
1 95
1 47
5 27
4 29
10 64
1 67
5 4
7 71
5 70
2 48
9 65
8 22
6 61
9 53
2 87
2 53
4 40
9 9
2 41
2 7
9 16
3 39
8 22
4 92
7 53
10 32
3 18
1 59
8 65
1 38
5 26
1 13
7 28
6 75
6 35
8 91
5 82
6 71
5 85
7 37
4 86
9 32
1 87
10 18
5 91
9 33
10 0
1 46
3 16
4 30
5 22
5 31
4 51
9 51
8 49
5 93
4 71
7 69
10 70
9 63
2 96
2 73
9 61
2 2
4 2
1 91
10 45
10 65
6 100
3 7
3 44
4 72
3 28
9 70
9 43
1 72
1 24
9 42
1 68
3 21
2 98
1 25
7 62
6 99
1 19
1 5
4 93
8 92
9 4
3 40
4 8
4 29
10 51
1 91
10 82
2 17
4 67
2 22
9 82
4 24
8 24
10 3
5 18
6 36
8 14
7 62
10 10
1 23
2 98
10 52
7 20
4 48
2 85
2 38
2 72
5 20
9 69
10 45
10 45
2 81
3 99
4 11
6 41
9 41
4 74
9 55
7 91
7 49
4 45
6 53
4 40
7 3
8 78
3 88
4 50
5 41
4 37
7 77
3 31
6 67
1 13
5 52
4 12
2 88
6 37
4 80
4 26
4 51
2 10
9 2
8 66
7 74
7 93
2 96
4 98
6 12
2 7
8 95
10 14
5 45
10 66
6 38
10 63
2 2
1 10
3 60
1 72
8 76
5 75
10 70
6 74
6 2
3 20
1 39
5 15
6 22
4 10
6 13
3 59
7 14
9 29
7 86
2 45
7 5
5 58
4 36
7 12
5 59
5 54
8 99
9 78
6 12
8 64
6 9
2 62
9 37
3 12
2 26
8 92
5 18
10 11
3 61
9 10
5 82
9 64
5 85
8 98
6 58
2 66
4 2
3 44
8 18
7 14
4 6
1 39
10 88
2 61
7 32
10 7
10 52
8 14
7 57
2 27
10 36
7 11
9 3
4 83
8 82
7 29
7 73
9 18
7 82
3 24
5 73
8 95
2 63
3 56
5 54
5 41
3 30
7 62
3 6
8 26
7 66
9 66
7 5
9 49
4 58
8 87
3 25
2 73
5 22
9 17
8 26
9 67
8 78
1 9
1 87
1 36
9 32
2 4
2 15
9 71
9 35
4 78
9 95
3 50
4 71
8 42
6 46
8 20
8 8
10 91
9 71
1 29
9 57
6 77
3 7
6 23
10 67
4 54
7 14
10 68
8 11
2 89
5 48
1 65
7 61
4 73
9 58
6 44
9 28
1 23
4 76
8 58
1 98
10 97
8 59
10 13
9 5
1 32
7 10
7 72
3 88
4 11
4 67
1 63
2 67
3 78
7 96
10 71
6 70
5 31
1 69
8 55
5 50
5 8
8 6
7 26
7 5
2 80
9 29
8 26
3 88
7 47
7 33
5 91
10 65
1 83
6 13
3 89
9 76
4 92
1 95
4 92
4 65
7 95
9 25
5 68
8 57
5 8
7 28
8 15
4 19
10 3
7 23
1 24
9 27
3 43
6 87
1 67
2 2
1 22
6 0
6 58
9 28
8 39
2 33
6 4
5 13
2 5
6 44
1 44
6 8
3 44
9 73
3 73
1 78
3 53
10 29
5 38
4 34
3 53
2 69
7 39
7 82
3 98
9 46
8 33
4 0
3 11
5 54
2 25
4 10
5 84
5 89
5 14
1 39
1 32
1 48
4 33
4 82
2 58
10 54
1 81
1 12
2 28
8 29
2 98
5 64
7 89
3 57
9 3
4 1
3 83
1 99
5 88
4 60
7 22
2 58
8 40
7 10
9 68
4 11
5 92
5 69
9 59
5 92
4 86
3 84
4 35
2 65
7 7
9 25
5 39
8 18
1 88
2 7
8 5
5 85
4 92
2 15
8 96
1 100
2 27
5 60
9 16
1 29
9 22
7 84
10 17
1 56
3 78
2 67
6 47
2 42
6 45
6 9
5 34
2 72
5 64
1 47
9 33
4 52
7 71
4 82
1 16
9 36
8 47
10 92
1 83
2 38
3 69
8 75
8 25
6 77
5 7
8 39
2 75
1 2
4 24
2 76
1 57
3 54
10 77
5 50
8 81
1 85
5 10
2 93
2 70
10 38
5 39
7 25
8 88
6 89
9 32
5 73
9 2
8 12
4 48
1 9
7 89
7 44
5 61
8 83
6 67
7 87
5 43
5 61
9 9
3 52
10 28
1 67
3 28
2 10
2 6
7 11
7 9
3 83
6 92
1 1
9 32
7 87
9 100
9 82
8 33
3 46
8 38
1 16
8 43
3 28
3 85
5 84
2 53
10 60
10 49
1 35
6 92
10 74
8 94
4 28
8 79
3 38
9 3
1 98
10 38
9 92
7 38
5 99
2 82
9 39
10 14
4 59
3 52
3 96
4 27
3 2
6 76
7 99
2 22
2 86
9 45
1 9
10 37
4 49
7 59
1 72
1 54
9 54
1 0
2 25
1 32
7 51
2 90
9 86
10 54
2 2
1 30
10 69
8 39
8 36
10 20
3 49
2 20
6 95
2 60
2 100
2 12
2 97
5 57
8 77
5 20
4 95
10 60
5 80
2 69
6 56
7 82
3 24
1 24
1 49
4 38
4 33
6 59
8 57
6 13
2 49
1 4
1 19
4 37
5 31
4 46
9 4
9 90
5 81
7 3
10 30
5 0
4 5
6 14
6 70
7 55
5 61
5 27
9 61
2 13
8 46
9 41
9 67
3 53
2 78
3 53
5 20
10 83
10 94
6 30
1 31
10 94
9 54
1 49
7 22
2 6
3 67
2 1
7 98
6 91
4 6
1 85
10 96
5 72
4 49
5 78
2 98
7 68
3 46
5 28
10 12
4 27
7 93
5 77
5 6
4 26
6 59
5 27
1 40
8 53
6 87
10 31
6 34
7 26
5 95
2 91
1 51
4 36
10 11
6 64
10 55
3 76
3 46
3 96
5 63
9 80
3 42
9 19
1 86
5 10
1 98
5 6
8 100
10 36
8 55
9 72
3 95
10 20
7 65
6 75
9 29
2 22
1 9
3 7
6 10
2 41
10 0
4 27
6 30
9 17
4 71
7 60
10 24
4 10
3 95
10 87
3 96
7 35
9 72
1 30
6 4
7 75
6 74
10 45
1 87
3 74
2 83
3 15
8 50
2 87
1 23
9 23
7 3
2 24
4 75
10 31
10 16
5 50
9 26
9 80
10 14
3 1
8 50
7 70
4 92
7 90
2 4
8 18
4 49
7 82
8 37
9 69
1 17
3 40
4 60
6 66
1 62
8 96
3 10
6 91
3 69
4 83
10 78
2 18
10 72
4 59
8 38
3 25
4 72
1 40
10 94
8 21
8 1
8 45
1 69
7 15
6 2
1 94
3 82
5 31
7 1
1 51
2 92
3 18
9 23
8 88
8 76
3 21
7 42
6 38
8 51
9 94
2 74
6 13
4 64
5 81
8 98
6 38
3 99
1 41
1 7
9 27
9 66
1 69
3 56
3 39
5 67
10 29
7 44
1 82
7 44
10 45
7 10
4 10
7 7
1 89
9 100
2 64
8 33
8 47
5 86
6 27
9 36
5 48
7 84
7 47
7 35
1 33
5 16
2 50
10 33
2 41
6 21
1 78
7 15
5 95
5 18
7 75
5 34
3 47
7 50
7 89
8 72
2 43
10 71
4 73
4 88
9 23
3 10
5 25
4 18
4 71
2 91
10 74
6 5
8 4
2 28
1 75
5 100
2 19
5 48
5 60
2 36
2 64
9 54
2 91
2 15
7 78
5 87
10 75
4 33
1 34
4 74
6 16
4 13
5 3
5 19
3 74
6 0
6 26
4 86
8 41
10 37
5 28
3 70
7 31
6 6
8 59
6 29
4 9
5 78
8 92
9 66
3 9
2 3
1 25
1 16
3 30
1 65
4 89
8 48
9 99
9 19
1 100
8 58
4 82
3 93
2 87
6 8
1 63
6 42
3 69
5 60
10 88
8 44
6 41
7 26
8 86
8 73
4 23
9 30
4 13
4 17
8 39
9 77
3 81
7 77
6 84
2 73
6 27
8 62
8 96
10 87
10 27
10 59
1 93
7 2
8 40
5 19
5 10
9 73
4 55
10 7
6 81
9 10
1 21
6 55
10 52
8 14
2 73
6 22
6 47
4 43
9 69
1 45
9 35
1 9
6 10
5 48
1 87
6 79
4 45
5 74
5 0
5 46
10 55
10 0
2 72
9 72
5 13
4 66
1 17
3 17
1 77
3 20
2 59
3 85
9 64
2 76
10 25
1 59
4 67
10 66
9 12
1 5
10 15
8 78
1 17
2 31
5 85
7 19
3 14
2 99
7 53
1 0
3 44
5 35
10 22
6 33
1 18
9 18
4 19
10 82
7 96
3 25
2 66
8 83
8 32
2 96
1 53
3 89
5 60
2 12
1 64
3 90
6 96
8 21
2 2
7 56
6 35
9 95
4 68
3 5
5 81
3 85
6 91
10 44
4 7
2 1
1 76
10 15
7 76
6 36
4 49
1 16
5 45
1 9
6 54
8 76
2 35
2 50
7 76
3 0
5 25
2 75
5 44
6 30
9 70
6 63
4 82
7 8
9 55
4 8
1 10
2 57
2 24
4 98
9 13
6 98
6 39
4 61
10 64
10 4
2 84
6 39
3 83
1 9
2 28
9 44
3 58
5 5
2 13
9 25
4 31
1 11
3 85
4 98
8 45
2 39
10 96
3 52
7 5
5 71
8 93
1 57
7 66
9 10
9 48
8 11
8 70
4 20
4 6
2 83
6 48
8 31
5 52
3 83
4 89
3 99
1 94
5 36
2 48
2 98
4 66
9 0
10 94
2 42
6 49
6 6
9 0
10 80
8 32
6 10
7 22
4 21
5 26
10 29
8 33
9 25
8 51
9 84
8 38
9 77
10 90
7 48
5 45
5 13
10 100
4 55
9 75
8 78
10 22
3 64
7 93
4 32
4 7
10 24
2 5
3 33
9 1
8 66
4 83
5 10
4 22
6 100
6 91
9 14
9 46
2 47
10 21
1 93
7 14
10 22
4 26
4 56
4 46
9 47
9 98
9 78
5 98
7 66
9 79
1 18
2 99
1 22
10 68
10 30
4 19
3 53
9 46
1 87
4 0
10 14
6 15
2 14
5 43
8 32
1 64
1 54
5 40
8 33
6 88
5 38
6 72
6 55
3 13
8 17
1 51
4 74
4 31
2 40
6 73
6 11
8 63
6 98
6 49
7 94
9 31
6 12
3 89
2 68
5 70
3 34
6 29
8 30
7 89
6 66
8 69
6 34
8 7
1 31
9 95
1 21
5 39
8 65
4 98
1 60
7 81
2 98
2 28
1 99
10 79
9 9
8 88
2 5
4 12
6 23
4 2
3 47
3 43
2 74
3 93
6 98
6 27
8 52
10 50
6 97
10 97
4 75
10 31
4 95
1 95
9 18
4 93
9 32
10 24
9 47
4 36
3 92
9 1
8 38
1 86
4 52
10 34
6 28
8 85
2 73
4 72
8 10
7 8
2 67
7 95
4 98
1 9
1 45
9 71
6 2
8 76
6 5
9 15
1 94
9 91
7 35
7 27
6 60
10 34
2 55
10 10
10 54
10 5
5 14
2 25
2 19
9 95
10 44
4 31
3 94
4 8
10 69
4 99
3 99
1 90
7 71
1 11
10 24
10 93
4 63
4 56
7 12
7 27
4 46
7 98
3 76
4 55
7 20
5 53
6 37
9 42
2 76
5 38
7 40
5 17
10 39
9 90
5 7
2 95
4 65
5 49
1 68
1 61
7 9
10 16
4 83
7 58
1 94
5 97
3 44
3 26
2 87
6 55
4 62
7 32
1 50
6 100
2 67
7 26
10 17
9 12
3 58
6 38
8 0
1 93
6 20
3 39
7 75
10 46
3 99
4 17
8 70
4 24
5 40
7 18
5 4
6 74
2 68
9 53
9 32
5 5
7 6
2 61
2 13
6 62
2 96
6 12
3 9
2 55
2 22
5 20
4 90
8 25
10 54
6 28
3 42
4 77
8 74
9 56
8 96
7 0
7 63
4 25
3 33
8 96
2 91
1 94
7 27
2 2
8 15
9 51
6 68
6 85
9 93
5 61
9 59
1 57
2 54
6 52
9 25
1 78
8 26
6 61
1 92
10 74
7 84
10 6
6 64
10 60
2 61
3 67
6 43
4 79
1 93
7 92
7 97
4 76
1 79
10 33
8 21
4 54
10 81
8 38
10 15
2 31
2 72
3 16
6 94
4 98
9 47
6 87
9 45
10 14
4 96
7 19
5 5
9 2
8 88
8 100
6 68
5 31
2 41
5 86
7 38
10 67
7 75
3 40
6 54
6 35
5 60
10 25
9 91
7 59
10 1
2 22
5 34
3 0
9 65
6 36
10 22
6 9
9 7
5 29
1 87
4 93
7 12
6 47
1 86
9 37
1 11
8 84
4 39
3 55
1 4
5 52
10 74
7 91
1 88
2 88
5 72
3 42
7 97
1 82
5 60
9 31
2 42
5 41
8 8
9 95
3 28
6 25
10 61
1 13
3 43
10 13
6 17
2 83
4 82
6 59
3 19
7 0
5 36
10 36
6 97
8 87
3 41
4 42
4 85
8 91
3 85
5 41
2 22
7 13
5 66
7 95
9 77
5 40
5 97
5 30
2 43
10 63
4 66
4 20
6 90
9 61
8 68
4 61
1 10
3 91
3 63
2 76
1 88
5 15
7 19
4 77
5 9
9 72
7 89
9 10
9 3
9 44
4 40
4 24
8 5
7 35
8 3
1 58
10 24
9 47
2 40
8 76
4 95
5 14
9 20
9 8
9 91
2 83
4 97
6 61
4 12
5 74
9 32
6 89
10 93
4 77
10 17
2 66
7 87
5 24
1 24
10 90
4 76
5 17
10 39
2 57
3 70
9 7
8 40
7 46
7 95
5 77
8 85
4 82
7 82
6 88
7 70
9 79
5 17
10 21
1 18
6 21
6 19
2 72
8 8
2 4
9 9
3 41
1 94
4 97
8 35
7 31
4 50
7 96
2 76
4 91
4 10
10 94
5 15
6 12
6 89
9 40
10 76
7 46
2 18
5 42
2 10
6 9
10 96
3 3
2 19
1 88
10 54
1 98
2 2
1 88
7 63
9 95
9 86
3 34
1 47
10 67
10 74
3 6
1 49
7 8
7 90
10 52
7 64
8 43
8 29
1 95
4 56
2 64
8 50
4 3
10 10
5 94
4 80
3 25
3 75
3 73
10 29
7 95
4 75
9 76
5 90
6 4
7 83
1 66
2 65
5 68
1 34
2 28
5 49
6 82
2 89
5 72
10 66
10 35
9 79
3 85
9 28
2 5
5 19
9 53
4 71
7 31
5 70
1 17
8 45
9 3
1 21
3 99
5 14
5 65
1 77
2 22
9 99
4 45
3 31
1 87
9 67
4 94
7 79
8 65
6 57
3 77
3 99
1 44
9 2
2 78
3 70
9 12
3 24
8 95
6 78
8 69
1 50
9 46
1 72
1 28
10 9
3 66
10 68
8 64
9 60
9 100
9 58
2 45
3 95
4 93
7 5
3 45
3 99
3 16
3 17
3 30
5 85
6 9
7 58
3 99
1 71
9 44
9 75
2 48
5 28
8 79
5 90
4 85
8 72
8 68
6 10
7 82
7 58
2 37
7 70
10 100
10 16
9 70
4 0
8 11
7 67
5 41
9 90
2 89
1 39
4 15
2 87
6 91
4 67
6 9
3 44
4 0
10 23
1 0
8 95
9 24
5 46
6 96
2 43
7 76
1 76
10 49
1 25
9 89
6 45
1 58
4 26
4 41
3 59
4 92
2 75
5 57
6 91
6 48
5 7
4 84
7 94
4 29
6 36
5 41
3 60
1 54
8 12
3 3
5 32
4 73
7 98
6 38
6 76
3 26
2 97
2 32
8 72
4 4
6 71
6 33
6 62
9 62
1 97
4 23
5 54
2 82
8 78
2 39
4 21
7 94
6 97
1 16
6 14
8 90
1 34
9 1
8 27
10 55
7 97
3 58
9 45
1 19
9 98
8 11
1 30
2 90
7 94
3 82
6 0
3 65
7 24
7 99
9 33
8 44
6 34
10 12
2 97
1 35
9 35
3 95
9 31
8 91
5 78
2 17
9 73
10 64
9 0
5 19
5 94
10 37
10 9
9 33
4 28
7 95
2 78
3 55
3 59
10 12
9 59
3 94
6 38
4 19
7 6
8 87
4 63
5 39
1 95
3 58
8 73
6 70
9 47
4 31
1 71
1 24
10 47
6 58
10 58
7 14
7 26
3 67
6 28
2 82
9 2
9 32
1 39
5 63
2 67
8 73
4 47
3 79
10 58
3 99
3 41
9 14
5 75
4 35
5 40
10 96
8 45
10 31
7 23
1 22
6 1
2 59
1 7
10 89
2 64
10 66
6 64
10 4
10 18
10 77
8 80
1 24
10 60
6 93
8 26
7 80
3 25
2 70
9 15
2 68
10 64
10 75
1 10
2 84
2 12
2 27
2 45
10 96
9 30
8 63
5 26
6 16
3 4
5 76
7 99
10 27
2 43
5 18
4 48
7 73
3 60
6 82
10 76
2 84
1 20
3 74
10 94
8 30
6 74
8 99
10 25
6 65
1 100
8 54
5 95
4 39
2 61
4 45
6 79
3 30
2 9
3 49
10 38
8 29
10 54
4 73
4 47
1 76
10 35
8 12
1 6
8 63
8 40
5 56
7 71
5 97
4 24
9 56
9 21
5 89
2 87
9 74
6 14
8 5
4 56
5 60
10 32
10 100
4 45
4 24
4 47
2 80
5 17
6 50
2 4
6 99
3 68
3 53
5 34
8 67
9 35
9 76
1 48
5 4
4 2
5 71
9 18
9 76
7 96
5 68
9 33
8 9
5 17
10 61
9 90
6 22
4 70
1 21
3 29
3 32
5 29
5 47
6 8
8 50
1 69
2 18
5 63
8 79
4 32
10 97
2 0
10 79
4 38
4 2
2 60
9 59
2 78
1 77
8 17
9 14
3 46
4 15
2 57
2 4
1 89
9 51
2 15
10 85
6 86
8 16
6 48
10 49
5 58
10 88
7 89
3 1
6 81
8 70
10 77
6 92
1 17
8 92
5 68
10 56
10 82
5 77
5 29
6 12
3 7
1 71
6 54
9 27
3 89
4 83
9 87
9 73
1 34
9 66
10 66
9 84
4 63
3 97
8 38
7 36
3 11
2 84
5 100
7 68
1 48
2 55
3 52
2 73
2 68
3 93
10 93
3 97
8 45
2 94
9 39
6 14
8 69
2 90
4 30
10 29
5 100
9 47
7 87
2 57
2 6
4 65
8 42
8 94
7 32
8 20
9 94
2 27
7 16
1 20
3 71
4 0
3 54
4 6
1 54
1 69
4 10
6 63
8 8
3 82
10 78
2 88
10 98
9 91
4 7
4 99
10 97
9 80
6 100
3 61
8 29
2 92
5 27
8 58
8 61
1 5
1 39
4 61
7 7
3 35
4 16
7 42
2 4
4 30
2 50
3 21
9 1
4 21
5 35
6 45
7 23
1 29
1 7
1 11
7 94
7 17
7 95
2 37
1 68
4 43
8 51
7 50
6 0
2 70
6 64
4 27
4 1
8 9
5 91
5 10
2 33
10 38
5 21
4 22
4 48
6 84
10 1
9 84
3 23
3 3
10 73
1 18
7 89
1 85
6 53
9 15
3 34
4 25
8 48
8 6
8 29
9 73
4 72
5 21
5 86
2 86
2 24
9 69
8 97
1 7
10 91
8 36
2 17
4 55
2 77
7 15
10 5
7 65
9 40
10 3
10 97
8 68
2 35
9 7
6 53
2 11
2 38
5 2
8 78
3 82
5 43
3 58
10 5
4 56
9 10
8 86
4 63
4 64
4 40
6 86
9 68
4 37
3 48
10 28
9 95
10 93
3 71
1 42
1 57
9 72
5 29
8 80
2 31
8 69
1 8
9 64
4 58
6 17
4 32
8 64
2 59
7 29
3 53
6 12
2 96
9 68
4 12
10 95
7 7
10 8
5 19
1 45
1 13
6 98
3 41
6 24
10 12
6 85
2 36
4 29
6 52
7 8
5 4
2 28
6 76
1 77
5 77
2 17
4 49
4 37
8 35
5 81
1 26
5 38
5 48
4 36
4 7
5 88
10 91
2 11
3 56
4 56
3 24
8 70
5 11
1 34
8 93
6 57
2 81
4 79
4 37
9 89
9 77
1 19
4 78
2 21
1 48
7 22
7 73
4 83
8 20
3 6
5 49
5 21
2 83
4 1
10 27
9 86
5 65
6 42
5 100
3 40
1 60
6 50
4 45
5 43
3 22
7 27
10 0
3 84
8 23
10 58
10 63
5 37
7 24
9 85
4 98
3 67
6 33
10 93
2 4
2 96
1 84
9 63
2 14
8 20
6 98
5 69
10 37
5 38
9 61
5 78
3 94
7 50
1 85
9 81
10 68
4 46
10 35
2 99
3 14
7 38
9 93
8 22
3 47
8 90
8 27
1 4
10 12
9 100
2 61
4 12
1 20
7 77
2 79
10 82
9 36
8 98
5 47
3 17
1 83
7 38
3 13
10 22
9 59
5 63
1 53
9 95
8 21
10 63
3 25
3 47
6 11
9 87
4 18
10 37
3 84
6 68
9 56
2 39
4 3
8 71
2 68
7 62
10 59
10 39
10 14
4 41
10 90
6 45
10 17
7 36
9 84
6 51
7 26
1 87
3 61
7 18
4 43
4 81
2 11
1 28
3 35
5 54
2 83
9 90
4 95
9 88
8 58
10 8
6 5
1 76
4 48
9 89
1 48
6 63
6 55
9 42
8 97
1 12
4 64
6 22
8 96
1 79
6 40
6 12
4 59
9 85
10 60
6 6
2 39
2 82
2 65
9 46
8 70
4 56
4 20
8 32
1 34
4 65
9 35
9 23
1 90
7 34
1 31
7 21
4 83
9 61
8 2
5 54
4 83
8 94
7 0
6 84
10 25
7 45
6 26
7 72
10 24
6 80
9 66
8 48
4 46
7 89
6 4
5 17
8 47
3 0
9 3
8 4
7 20
1 43
10 94
4 98
7 85
7 40
7 44
7 9
1 76
9 10
2 15
7 83
4 96
5 45
1 74
3 24
3 14
5 54
4 84
10 97
6 3
9 98
10 41
6 54
8 27
6 99
7 78
8 82
9 66
10 72
2 50
10 50
1 93
1 86
2 88
6 47
9 5
9 14
3 13
10 15
9 11
9 70
8 44
1 69
3 67
9 38
6 61
10 89
1 26
7 35
10 39
7 85
4 99
9 44
3 89
7 79
10 99
3 18
6 52
6 2
1 72
9 2
4 57
5 64
9 0
4 79
8 89
1 95
9 26
8 50
8 61
1 39
1 43
9 27
5 60
10 26
3 88
5 24
8 98
6 75
5 38
8 9
9 90
4 32
9 82
2 47
1 35
10 16
4 39
8 91
7 74
4 93
7 28
1 32
7 56
4 42
6 100
10 88
4 32
3 1
1 62
4 3
4 37
1 74
6 54
7 42
1 36
1 14
9 90
8 32
9 49
3 80
3 62
3 54
10 84
5 35
8 41
8 97
6 51
7 98
8 91
1 99
2 61
2 46
8 79
2 15
10 80
1 54
8 45
1 98
2 84
8 70
1 31
6 22
5 49
2 49
1 13
2 67
5 53
3 46
10 61
2 35
6 90
4 39
8 69
1 17
7 62
9 53
6 14
8 45
10 44
4 92
5 35
7 7
10 74
3 35
7 57
8 0
10 77
5 3
1 27
5 65
9 70
4 79
1 97
3 66
8 48
6 66
8 80
9 15
4 65
3 34
2 77
7 8
9 48
1 86
6 86
5 18
7 71
10 67
2 92
7 5
6 55
10 75
3 42
3 52
1 99
6 11
7 80
8 70
1 77
9 70
1 66
7 37
7 92
5 99
3 0
2 15
8 30
10 20
10 96
4 75
2 33
3 31
1 38
10 100
9 38
1 37
7 59
1 5
1 51
7 93
9 2
1 10
3 69
2 10
1 92
5 69
1 79
9 100
5 38
3 51
10 100
9 69
2 32
10 19
1 97
10 58
8 26
8 90
2 39
2 39
9 77
2 66
3 94
5 6
6 95
5 35
5 67
1 89
6 75
2 98
3 73
8 61
9 88
4 39
9 67
4 7
5 64
5 4
7 41
5 30
6 11
5 72
1 90
1 52
6 62
6 52
5 21
9 61
10 97
2 53
4 41
6 17
4 75
10 27
9 55
8 17
5 6
10 35
2 3
9 13
6 48
7 59
10 52
6 20
2 23
5 50
5 95
5 4
10 37
5 51
4 8
10 33
8 20
9 65
10 34
2 8
4 9
10 16
10 11
8 6
1 4
5 5
10 63
5 43
8 27
4 11
2 0
7 62
8 54
5 23
4 96
4 69
2 54
2 59
5 51
10 46
3 39
4 97
4 20
1 99
3 79
5 45
1 15
8 18
10 73
7 31
5 94
2 10
4 9
8 68
2 68
8 79
5 83
5 94
8 59
4 45
8 9
