50
4 6 4
1 4 2 1
100 10 1
1
5 5 10
2 4 2 3 4 2 1 2 1 3
1 1 1
1
100 2 2
1 2
1000 100 10
4 3 9 1 2 5 6 9 1 10
1 10 10
4 3 4 1 2 5 6 9 1 10
1 10 9
1 1 1 1 1 1 1 1 1
1000 10 9
1 1 1 1 1 1 1 1 1
934 9 10
8 8 8 8 8 8 8 8 8 8
734 3 10
1 2 3 3 2 1 1 2 3 1
345 19 10
10 10 10 10 10 10 10 10 10 10
765 10 10
10 1 10 1 10 1 10 1 10 1
1000 100 10
10 10 10 10 10 10 10 10 10 10
734 20 10
1 2 3 4 5 6 7 8 9 10
631 16 10
10 9 8 7 6 5 4 3 2 1
2 10 6
6 5 3 3 5 8
3 12 7
5 4 3 6 9 3 7
4 8 8
8 7 4 1 1 6 6 3
4 9 5
6 3 8 2 4
567 7 10
5 3 3 4 6 5 4 3 6 1
576 5 10
2 3 2 5 3 1 3 2 3 5
326 11 10
1 1 9 5 1 6 1 5 9 10
443 14 9
1 2 9 3 1 2 10 3 4
8 24 10
10 2 5 8 9 8 8 1 9 3
5 23 9
7 4 4 10 3 8 2 4 9
8 26 10
5 1 3 8 5 10 9 9 7 6
8 23 10
9 2 10 2 8 2 8 1 8 10
93 14 8
8 9 8 6 9 7 6 8
192 13 8
7 6 9 5 9 9 5 9
271 24 10
8 7 5 5 6 6 5 6 8 6
367 41 10
6 6 6 5 5 9 5 9 7 6
324 58 9
9 7 6 5 5 6 8 5 7
109 23 8
7 6 5 5 5 5 8 8
606 43 10
7 5 9 9 6 9 7 7 5 6
155 16 8
7 9 8 6 5 6 7 8
270 98 8
7 5 6 5 8 7 7 5
780 27 9
6 7 8 5 8 9 5 9 8
230 6 6
6 5 5 5 6 5
321 64 7
5 7 9 8 6 8 5
156 65 6
8 9 9 5 7 5
819 9 8
7 8 5 7 8 5 7 7
893 15 7
6 6 9 7 9 7 5
597 71 6
7 8 5 6 6 9
127 40 7
7 8 5 7 5 6 9
255 96 8
5 7 9 6 9 6 7 8
977 89 8
7 5 9 5 8 5 9 7
600 53 9
7 9 8 5 5 7 6 5 7
578 89 6
8 9 9 6 7 5
412 12 9
7 5 9 5 7 9 9 8 8
