50
4 6 4
1 4 2 1
100 10 1
1
5 5 10
2 4 2 3 4 2 1 2 1 3
1 1 1
1
100 2 2
1 2
1000 100 10
4 3 9 1 2 5 6 9 1 10
1 10 10
4 3 4 1 2 5 6 9 1 10
1 10 9
1 1 1 1 1 1 1 1 1
1000 10 9
1 1 1 1 1 1 1 1 1
934 9 10
8 8 8 8 8 8 8 8 8 8
734 3 10
1 2 3 3 2 1 1 2 3 1
345 19 10
10 10 10 10 10 10 10 10 10 10
765 10 10
10 1 10 1 10 1 10 1 10 1
1000 100 10
10 10 10 10 10 10 10 10 10 10
734 20 10
1 2 3 4 5 6 7 8 9 10
631 16 10
10 9 8 7 6 5 4 3 2 1
4 12 8
6 6 1 8 10 4 4 1
3 9 5
7 8 6 9 8
4 6 9
4 6 3 4 2 6 1 3 1
2 6 6
6 5 5 3 4 4
347 14 9
5 6 1 9 1 10 8 3 3
539 10 10
4 5 7 8 2 2 6 2 5 2
506 8 10
7 3 6 8 7 4 8 2 4 1
419 9 10
2 3 6 1 5 9 7 3 6 4
5 20 10
10 2 6 5 3 8 8 6 9 10
9 24 9
5 1 10 2 4 2 8 7 2
5 24 9
8 10 5 5 2 4 4 3 9
5 24 10
8 3 7 9 4 1 7 8 3 6
98 15 8
8 8 5 8 9 8 7 5
75 28 9
8 8 8 7 8 5 6 5 9
252 28 8
9 6 6 6 7 7 9 7
17 39 10
7 9 5 9 9 5 7 6 8 5
286 57 9
8 9 6 9 8 7 6 8 8
530 21 9
7 5 5 9 7 6 8 6 6
492 77 10
6 5 7 8 9 6 9 9 7 8
14 21 10
7 9 8 7 5 6 6 8 8 7
350 51 9
8 5 9 5 8 7 6 5 6
308 85 7
6 6 5 5 7 5 5
812 22 7
9 7 6 9 7 8 9
154 62 7
8 5 9 9 5 7 6
97 75 5
5 6 7 6 8
130 14 8
8 9 8 9 8 9 8 5
920 25 6
7 8 6 5 7 5
971 66 7
8 9 9 8 7 6 6
467 59 5
9 8 6 9 9
31 14 7
7 5 8 5 7 6 7
8 31 9
9 5 8 7 7 8 6 9 6
20 28 6
6 9 9 8 8 8
839 70 7
7 9 7 8 8 8 7
184 40 6
7 6 7 5 5 7
