4.82843
5.00000
21.61482
42.19503
34.13139
46.07265
6.00000
25.71259
21.84153
19.66721
16.12452
30.55511
23.96103
24.02849
22.48598
20.78769
17.65851
20.63484
11.66190
20.94245
19.71688
41.65771
25.30409
23.30231
19.28679
23.64156
17.40616
14.09337
1
27.01370
25.76900
30.48260
26.50142
20.02698
23.23827
22.69892
24.90303
3
29.86776
27.01310
23.69871
22.69230
28.60235
20.73278
38.90158
16.71718
12.80625
23.26940
29.25591
7.25583
24.00000
26.21812
28.27977
14.56022
26.52515
2
23.94792
26.19150
22.72040
39.00491
12.64911
25.46737
22.74735
21.53300
28.17531
15.91521
19.05539
20.60233
18.28593
18.75876
43.09595
8
23.39392
1
24.63785
17.60945
4
25.87438
13.17095
20.82555
25.46012
29.10029
21.88841
24.01531
7
43.40528
4
28.44020
17.20465
38.83536
29.45614
11.59524
15.23155
22.27336
36.78795
21.63875
19.21359
21.99140
22.43398
18.87891
26.33569
14.42221
