100
5 3 10 5
0 2 5 6 7
1 1 1 1 4
5 3 10 5
0 2 3 5 7
2 1 1 1 4
5 3 10 5
0 2 3 4 7
2 1 1 1 4
1 0 1000000000 1
1
50
5 2 746093994 982
746014881 746017885 746021122 746045362 746075329
90 16 5 43 12
7 3 90883855 991
90803176 90837364 90851070 90864543 90873127 90874028 90877059
82 46 34 20 11 10 7
5 2 680648292 567
680613007 680614964 680627987 680636843 680646975
67 99 56 56 73
10 1 527477506 564
25077177 45864005 120275471 168039902 196188983 527461136 527461688 527471212 527473404 527473526
100 100 100 100 100 29 28 11 7 7
6 1 484776207 744
76949135 484714912 484742256 484744108 484761077 484768297
43 8 19 38 17 6
10 1 911899398 796
911820636 911822635 911828650 911830790 911838383 911838510 911850084 911882279 911890592 911890989
100 99 97 90 34 96 94 95 92 13
10 1 250158706 502
250109468 250116424 250135405 250136551 250140692 250143840 250144248 250151953 250154854 250157022
97 68 10 42 28 11 1 1 5 1
7 1 501067437 213
121304426 187663537 501055886 501058787 501059973 501066823 501067153
19 26 42 2 61 1 77
5 1 634651258 686
109940401 634603352 634604709 634613765 634646496
100 70 67 54 6
1 1 1000000000 1000
999900000
100
3 3 989372275 942
989307385 989322394 989370393
81 76 1
9 2 324071348 601
324015736 324015908 324019497 324026063 324028740 324033758 324055939 324059270 324069542
76 52 84 8 10 55 49 5 3
3 2 67671752 609
67612923 67615032 67618026
90 31 89
10 3 354610567 350
354592823 354593397 354595522 354597605 354598184 354598302 354599452 354601223 354604620 354606131
50 49 42 37 36 35 31 26 16 12
6 2 835583495 262
38047744 835571924 835572210 835577607 835579426 835581191
16 84 34 42 15 77
9 3 614623055 98
614613690 614613812 614614557 614615051 614615715 614616869 614618088 614621307 614621976
98 68 46 82 58 91 52 31 87
7 3 216287837 655
17806513 216232400 216234395 216257668 216259750 216271976 216272038
100 84 81 46 43 24 24
6 1 703138217 110
236132573 386045276 703131342 703132648 703134740 703136196
85 57 61 11 17 3
5 3 506735913 17
171036832 506734620 506734790 506734933 506734954
9 51 3 10 74
5 2 20080676 436
2334683 2471899 20058609 20066251 20075692
66 57 44 47 7
3 2 501766342 652
501701528 501722069 501754390
100 14 56
6 1 852815142 257
440248 852793955 852796054 852802685 852810514 852811065
90 63 85 11 7 89
6 2 882548093 389
173738520 184670979 882527137 882529655 882530026 882542219
91 58 77 39 50 61
9 2 203505810 583
203453677 203459836 203463957 203466443 203473315 203482811 203495374 203497813 203502113
75 95 35 8 54 19 7 9 5
7 2 180215137 520
35334556 180174936 180183396 180185385 180192549 180204701 180205948
100 78 61 57 43 20 17
2 1 641963137 931
641900618 641951409
80 10
4 1 620211298 556
620157956 620199946 620201159 620202579
96 20 19 15
3 2 913808935 30
913806044 913808188 913808361
99 81 3
5 2 156297399 106
156287328 156289008 156289399 156292631 156295911
96 79 76 44 15
5 2 639939950 257
639915415 639922945 639929814 639933791 639933983
96 77 18 47 27
5 3 126562725 879
126503667 126518344 126529955 126539635 126561618
67 50 37 26 2
3 1 143364786 476
143323707 143336744 143340266
87 59 51
8 2 545980335 843
545903318 545906603 545920730 545933486 545940655 545947858 545952708 545966146
93 94 89 75 88 45 76 24
5 2 225126150 94
225117044 225118270 225120133 225122170 225124346
99 87 55 86 11
1 1 1000000000 1000
999899999
100
9 1 317165932 781
317096763 317101148 317109399 317111921 317115699 317123278 317136341 317142852 317162700
40 60 14 89 47 16 9 17 4
9 3 398980695 283
55407713 91434202 398963816 398963897 398964825 398966807 398974723 398977652 398978136
100 100 59 59 56 49 21 11 9
3 2 941705024 610
941648971 941651818 941661236
92 89 82
8 1 703545889 178
703528443 703537750 703537813 703542710 703544219 703544335 703545018 703545342
100 37 57 8 1 7 4 2
9 1 780676047 412
84845011 780642599 780645382 780649584 780649885 780650608 780664656 780667816 780668723
68 98 31 47 14 55 11 11 62
9 1 266317948 987
30949156 55017580 266230431 266260621 266275123 266280526 266287042 266302230 266314465
1 100 99 79 19 16 15 72 2
9 2 743528469 371
743493224 743494844 743495043 743498221 743500118 743502287 743506120 743517563 743517924
86 17 70 43 6 24 94 22 67
3 1 120050100 498
34111348 41834385 120042686
36 98 7
8 2 924941219 812
924870515 924887021 924892464 924893605 924896812 924929598 924930298 924933152
87 66 60 59 54 14 14 9
6 3 23286013 693
23225782 23226575 23229439 23229803 23249102 23266433
87 85 81 81 54 28
7 1 57919663 95
5384151 57912905 57912961 57914762 57915235 57915542 57916813
100 72 70 51 47 43 29
9 3 285580332 412
285543087 285545730 285546439 285549317 285551952 285556146 285561865 285568576 285570151
27 85 99 95 85 44 79 83 9
3 2 15443207 963
15356485 15382771 15396070
91 62 48
2 2 676616325 629
676575847 676615020
98 39
7 3 129319407 606
346230 129268489 129269788 129281447 129291667 129294563 129308027
100 85 81 63 45 40 18
6 3 782635187 143
782625995 782629080 782629124 782629479 782629607 782633810
99 45 100 87 79 37
4 3 74156325 50
74152028 74152268 74152857 74153074
98 97 91 71
9 3 860336983 908
860248541 860261983 860265303 860272409 860282640 860284197 860308562 860315211 860333253
99 100 69 14 26 69 22 21 4
3 3 158556347 307
158528651 158532834 158552795
100 41 16
4 2 913444937 918
913392061 913404850 913413041 913434358
57 44 35 12
3 3 937539074 288
937516459 937517187 937517622
78 76 74
5 1 262225269 736
262153959 262165193 262167957 262185762 262215422
97 82 78 53 14
8 1 742215133 546
742171363 742184381 742184454 742187249 742204386 742205977 742206470 742210982
81 57 56 52 19 16 15 7
10 2 869956465 134
869943771 869947090 869949829 869950500 869950673 869952731 869954119 869954418 869954795 869955429
90 100 46 26 71 16 20 42 11 2
2 2 130202879 16
23451403 130201713
59 77
6 1 213127197 170
31342290 57621471 66417650 136912837 176019354 211681719
2 68 93 84 16 46
8 3 280043957 831
8319227 279972697 279983621 279998963 280015300 280018882 280019078 280031391
12 93 66 54 14 49 54 76
3 1 284816170 783
284759165 284800332 284801108
75 9 45
10 1 217241665 340
1408675 217210785 217224595 217224998 217231792 217232378 217235152 217236349 217236646 217237098
49 41 81 38 20 18 18 5 3 6
10 3 853973130 94
853963854 853964620 853965335 853966480 853966816 853967815 853967958 853969979 853971017 853972420
100 91 94 78 68 91 68 38 17 3
6 1 671257702 69
235814165 265889389 282196345 362813971 671254974 671256048
34 58 79 71 69 74
10 3 80239508 555
24092350 24956473 80203612 80205209 80211325 80219065 80222641 80224997 80228826 80238718
61 84 94 46 85 52 43 34 9 91
9 2 198650679 435
198608333 198614614 198621396 198630103 198635931 198638446 198641465 198642990 198647032
98 83 68 48 34 29 21 18 9
3 2 90481980 833
90416645 90429014 90431869
99 74 93
9 1 7619038 671
770285 7559718 7576356 7585736 7588950 7604052 7604926 7615986 7617725
19 95 18 47 41 20 16 12 1
3 2 989479920 594
989428069 989429155 989476287
98 92 19
9 3 233216649 89
13076730 233208607 233208709 233209354 233210165 233210670 233211438 233214265 233216284
31 98 24 31 75 18 25 22 3
3 1 258671171 469
258628842 258638549 258642122
90 69 62
9 2 860099603 538
13709841 37909656 860067506 860069270 860071434 860073420 860076542 860078850 860081088
16 40 47 17 5 52 2 33 41
4 3 541452176 287
541425189 541438235 541445665 541448695
96 64 37 5
3 3 754891040 48
99287700 211456439 754890274
100 100 16
6 1 655161730 24
655159712 655159765 655160238 655160881 655160982 655161387
90 71 32 23 6 59
9 2 940849129 391
940821690 940828837 940830616 940834069 940840942 940842373 940843620 940845033 940847169
71 52 48 39 20 18 15 10 6
8 3 534142186 230
534124827 534126134 534126279 534134778 534135775 534139014 534139709 534139801
88 97 92 35 4 20 7 48
5 1 470220670 140
301192072 470212232 470213755 470217612 470218137
61 78 93 11 13
4 2 705303730 780
705256149 705267961 705268728 705281933
84 17 13 9
8 3 706685032 503
706635615 706639479 706644164 706652510 706666979 706669049 706677251 706684116
99 96 95 80 83 57 77 72
7 2 495204053 163
495190312 495191186 495191854 495192008 495199869 495200870 495202832
85 78 74 73 25 19 7
5 1 826529095 608
826483688 826486735 826492310 826495243 826511184
75 70 61 56 29
5 1 8259041 131
1076408 2045958 5285501 6613796 8256344
84 87 22 47 20
3 3 391516706 973
168961805 226878362 391489188
8 82 76
7 1 320666408 198
15245073 320647471 320655871 320656738 320656807 320659504 320665186
100 95 54 48 48 35 6
2 2 1000000000 1000
1 999999999
100 1
7 2 881733103 358
881697378 881698222 881700766 881703982 881714853 881722700 881725140
100 100 93 84 39 88 12
7 2 140105858 181
140089364 140090677 140090968 140092917 140097617 140098904 140104509
98 72 41 66 6 1 7
10 1 976528266 210
25583341 194250489 976512192 976514171 976515849 976517830 976518760 976523342 976524497 976524544
67 30 87 62 34 31 32 12 8 3
7 1 29561090 133
1526049 29550279 29550731 29559767 29560075 29560433 29560478
75 87 61 3 5 3 39
5 1 787929003 583
787887183 787894168 787902496 787920367 787921648
87 67 23 13 5
3 3 162295444 610
162243744 162252819 162271768
85 70 39
7 3 458750559 490
458709153 458726597 458733241 458736857 458741107 458747696 458748618
91 65 63 80 16 82 2
10 3 433367635 762
468682 5724631 95764943 143033721 198708503 282879113 297303709 334875118 433364043 433364785
86 42 9 28 87 40 49 22 72 3
