100
5 3 10 5
0 2 5 6 7
1 1 1 1 4
5 3 10 5
0 2 3 5 7
2 1 1 1 4
5 3 10 5
0 2 3 4 7
2 1 1 1 4
1 0 1000000000 1
1
50
5 1 595967488 554
44785395 283064065 595946833 595946836 595956077
12 78 60 7 73
1 1 1000000000 1000
999899999
100
5 1 751274279 223
751253619 751255983 751256019 751257528 751260408
93 83 81 76 63
3 1 213172139 515
213136276 213152560 213168918
35 1 4
3 2 328678397 101
328673051 328674057 328674096
99 71 73
2 2 392722729 585
392672560 392718469
98 21
9 2 127379164 798
127311080 127312114 127318014 127331147 127357272 127359681 127363405 127366823 127368154
33 9 28 96 2 2 4 59 8
9 3 24070150 590
6905583 24027786 24038505 24041087 24041428 24055111 24060266 24060795 24065498
37 100 1 55 45 63 52 40 40
3 1 948776749 776
356429087 403240852 948759913
36 24 52
5 2 546776017 165
546766107 546767634 546769104 546771568 546771972
60 50 42 26 25
2 2 325748664 300
325718846 325734288
100 5
5 2 117933819 212
12678931 117919643 117921928 117929224 117931163
100 67 56 21 12
6 1 429583107 253
56366318 429565188 429571591 429572342 429576072 429581772
34 78 41 3 26 35
6 2 605743026 509
605699205 605699272 605707438 605716184 605723816 605725880
92 64 100 55 97 31
7 1 391423879 570
391373195 391375332 391375357 391397644 391399197 391413932 391422777
22 90 76 12 5 9 20
5 2 496745786 133
496736546 496738662 496743179 496744856 496744880
18 73 14 14 6
6 3 909126581 964
178328816 909056344 909067153 909086329 909088156 909106443
100 73 62 42 40 20
6 2 582189005 215
582167833 582175126 582180341 582187721 582187779 582187831
99 96 8 5 3 60
7 3 779289846 767
136469610 148953142 779230474 779234055 779247924 779260475 779262190
39 6 82 28 10 98 21
6 3 65963272 801
65896833 65912857 65913189 65927032 65952954 65958121
83 62 63 45 12 7
4 1 253096293 148
253084979 253087214 253090155 253094228
77 62 42 14
9 1 405232331 624
405170016 405172645 405179226 405186830 405213081 405215094 405215700 405220486 405228257
100 97 78 56 21 26 15 5 4
8 3 738498652 178
738481453 738483444 738486405 738486478 738495486 738495796 738496843 738498317
80 16 19 9 16 12 27 1
4 1 858201229 685
328634138 738554964 858181675 858189935
100 100 29 16
8 1 928754036 676
928687643 928689325 928691553 928724757 928736747 928741648 928749336 928752442
98 95 92 43 25 19 6 3
4 1 971011939 748
798274 970959771 970978339 970991357
53 86 31 34
4 2 296288215 706
296219709 296233855 296270521 296278883
98 77 26 14
9 3 837971798 497
837923634 837926198 837927438 837933000 837933023 837934893 837949347 837964201 837968572
97 100 95 79 99 88 57 41 44
3 2 205505227 455
6572464 205478188 205500981
97 74 83
9 1 4206031 878
1019248 4132855 4138303 4145692 4180252 4184882 4190801 4192461 4200789
45 95 33 12 62 7 6 8 1
3 1 335756515 916
335669220 335694393 335706593
98 24 94
9 3 419914070 535
419861599 419864616 419867162 419871375 419876761 419882956 419905029 419910090 419911156
99 73 39 69 60 91 19 29 1
9 3 392099534 498
392058757 392058940 392063153 392063433 392071856 392076134 392080597 392083024 392097903
84 55 42 52 13 74 11 22 2
4 2 183687415 467
183646611 183664205 183668055 183680056
45 93 12 2
9 1 317671278 591
317615490 317615864 317619573 317631627 317640246 317642948 317649653 317652062 317662332
96 57 97 18 7 20 70 2 3
2 1 792057452 525
792007467 792044570
97 67
7 1 814762598 848
814687771 814687883 814717058 814725130 814728152 814728419 814734222
39 92 40 26 9 57 3
3 3 370832130 648
370780373 370798711 370808614
80 51 36
10 3 96789332 712
96729396 96733114 96735433 96743813 96766592 96771715 96771807 96774888 96780666 96784530
96 69 28 69 1 19 24 4 5 4
8 2 91080596 735
17918105 35988994 46316396 65651135 91040000 91041975 91042581 91043606
41 92 72 87 22 33 61 24
7 3 716976295 422
716935833 716937013 716945629 716949094 716952372 716959120 716974969
96 93 73 65 57 41 4
2 1 200551811 909
200476940 200520113
100 17
10 1 412726202 760
9037555 412659946 412664892 412667289 412668670 412680023 412686931 412702692 412704994 412722512
24 95 100 44 97 37 46 12 77 4
2 2 43624652 713
43578868 43619203
78 41
9 2 352425126 586
1193593 62717463 352378757 352386782 352395091 352400820 352405096 352413299 352421736
96 9 92 28 44 40 17 58 2
5 1 405629753 15
405628289 405628794 405628812 405629148 405629370
98 90 70 42 45
10 2 279068117 305
279040313 279041516 279043712 279044455 279048916 279058234 279062827 279064357 279066668 279066889
91 88 81 78 62 33 17 12 5 5
3 3 446794718 238
446778386 446780013 446790356
95 77 78
2 1 284335026 999
51083607 284312721
90 66
2 2 1000000000 1000
1 999999999
100 1
8 1 408139421 324
28167622 39685852 408122785 408126061 408131451 408133056 408135340 408136328
74 47 58 39 17 2 49 2
7 3 960510907 149
960500161 960500716 960500977 960502903 960507034 960507544 960508379
80 82 99 19 14 6 12
7 2 514896244 498
514852863 514856726 514862885 514867429 514870146 514877451 514895538
99 43 39 5 22 13 31
10 3 722744996 5
722744555 722744559 722744702 722744722 722744728 722744879 722744893 722744908 722744971 722744990
90 61 33 47 61 10 14 6 23 13
9 1 258023991 274
7703277 14574002 51984841 258006463 258007487 258010489 258013951 258014095 258016623
3 55 42 59 45 18 55 75 7
3 2 396593623 651
396536554 396537081 396543650
95 87 81
5 2 35336712 569
35303689 35306810 35312199 35315132 35329536
58 53 43 38 12
4 1 502957086 120
41480631 502950593 502953801 502956549
67 36 25 3
8 2 447405931 995
447307485 447318740 447328694 447349703 447352004 447352712 447356086 447393709
4 100 33 8 32 25 36 6
8 1 685811689 341
685780250 685780540 685785080 685795797 685798023 685805201 685805218 685807826
92 91 78 46 40 19 18 11
7 3 759165246 793
56540525 759130764 759131823 759141396 759142551 759146302 759150046
19 14 81 21 16 17 21
3 3 269049834 163
269039368 269039827 269040480
69 99 90
9 2 40900610 849
40822774 40825324 40827694 40833529 40837825 40861212 40875086 40894347 40899066
94 59 50 87 39 25 16 97 2
8 2 670152189 514
670114759 670115259 670118634 670126707 670138515 670139071 670139434 670150559
72 71 65 50 27 25 25 4
1 1 1000000000 1000
999900000
100
4 2 715351401 520
715300168 715316218 715335420 715339290
71 60 15 42
10 1 340573330 889
340503526 340506435 340506923 340511696 340511876 340512757 340524905 340549482 340554180 340563367
19 89 9 76 41 92 27 4 39 87
10 1 927986105 470
927952714 927953412 927962407 927967576 927969356 927972388 927975140 927975576 927980466 927984147
76 92 93 51 90 5 41 1 27 4
4 1 495005126 630
94690526 494967764 494974322 494996264
52 3 56 9
6 1 161020853 446
160985714 161008516 161010365 161011512 161016600 161018477
91 17 18 15 5 12
8 2 849868503 172
849851505 849852614 849853228 849854640 849855522 849858642 849864618 849867238
99 93 88 80 76 58 23 8
6 3 993024077 203
993006946 993009220 993009779 993010775 993017008 993018121
85 81 79 42 8 20
9 3 569342746 640
569283673 569287625 569289404 569290528 569311943 569318740 569322311 569324137 569329581
93 68 55 82 36 22 7 3 20
4 2 810325569 829
810243816 810281107 810293642 810315034
100 63 82 50
6 3 856993058 715
856942425 856947255 856960101 856970483 856972473 856974701
71 65 46 32 28 26
7 3 152151695 166
754708 152138658 152140976 152141509 152146885 152147307 152151164
26 80 80 68 13 96 22
7 3 632415727 925
632327827 632339856 632341160 632392641 632393333 632402611 632406615
96 83 81 25 24 15 10
4 3 694919963 55
694914998 694915114 694916516 694919147
99 99 87 63
4 1 426327805 785
173316407 273134997 299412158 426309627
100 100 100 24
4 1 516331656 563
516275582 516308511 516319117 516326166
100 7 58 9
9 3 80044909 404
412273 36702383 40677299 41403364 80018692 80020333 80028545 80031358 80037497
97 22 71 95 58 27 23 43 7
7 1 17164224 523
1580679 6465534 7170301 9652376 10253632 14346324 15760231
76 51 43 33 11 29 44
6 1 117391952 164
117378441 117380864 117383849 117384450 117388578 117389305
87 48 22 28 15 3
7 1 570576807 830
3875045 73793522 222730264 316295479 361241092 570568887 570571094
62 54 40 5 79 4 1
3 1 455537111 116
455527521 455532603 455535406
90 22 39
6 2 931023352 610
930963017 930968393 930987772 930997260 931002863 931008884
99 59 89 40 73 22
6 3 278856193 801
278802122 278807695 278813900 278833844 278836913 278838815
97 79 54 65 100 98
9 3 649081604 641
649039034 649042497 649044035 649045580 649047628 649054422 649058111 649060128 649069727
73 94 97 60 60 83 63 83 2
9 1 689937842 817
77479797 689883252 689885624 689896650 689907691 689910011 689918838 689928078 689935937
20 59 45 11 29 14 15 8 1
4 1 207808790 653
207757955 207758210 207781031 207783244
91 99 57 10
7 1 223502354 279
223476116 223477873 223485956 223486381 223494856 223495491 223499148
98 93 27 98 56 71 14
10 2 493696183 720
493625173 493633656 493637086 493647011 493648856 493656543 493661300 493662943 493692215 493694798
99 86 83 69 65 55 48 47 6 2
6 3 677249694 461
677219599 677229922 677231406 677231520 677242853 677246343
67 46 32 39 11 6
7 2 731244553 253
731220254 731220979 731224604 731225345 731227921 731228500 731235649
98 53 3 86 26 77 90
2 2 771698762 716
771660412 771691640
53 10
8 2 687532752 140
687518833 687519123 687520697 687521020 687525658 687525732 687526478 687528146
100 100 91 95 58 72 5 59
