100
5 3 10 5
0 2 5 6 7
1 1 1 1 4
5 3 10 5
0 2 3 5 7
2 1 1 1 4
5 3 10 5
0 2 3 4 7
2 1 1 1 4
1 0 1000000000 1
1
50
5 1 680537044 770
40811312 680490697 680510005 680516723 680526078
100 61 36 27 15
7 3 316372375 602
33017867 175399716 316325263 316325574 316337010 316345249 316355126
61 43 35 100 83 57 91
3 3 940236660 770
940170226 940194276 940197514
32 42 82
7 3 710302412 912
710223850 710228997 710230524 710238322 710256644 710261239 710288354
86 81 79 70 51 46 16
10 1 987735699 771
987658993 987669860 987672435 987674652 987687633 987714620 987721192 987724453 987729009 987729192
100 90 92 95 80 25 61 89 15 5
10 1 414101285 801
2933065 414038711 414052758 414064981 414066960 414076695 414077103 414093372 414094603 414099125
38 23 28 37 31 10 28 7 8 2
9 2 848709780 643
848646550 848647109 848647927 848660902 848663177 848689188 848691375 848691939 848702423
100 18 99 13 86 42 17 25 3
5 3 362798261 377
3616422 362766498 362788141 362788210 362791512
23 90 61 21 54
2 2 600835488 484
600796622 600831281
91 4
2 2 514347538 426
514335652 514339236
81 33
3 2 921974685 718
461072904 583650139 921969534
45 22 71
6 1 663761703 569
663706237 663711370 663727246 663739089 663740957 663747390
98 88 60 39 36 26
3 1 105765211 86
105760131 105760674 105764959
9 6 9
10 3 382827918 312
382799204 382799990 382806009 382808455 382814872 382815020 382815872 382816694 382818108 382825290
93 90 70 62 41 41 38 36 31 8
4 2 737336810 810
737285525 737298640 737309536 737314454
64 47 33 27
10 3 543842887 850
101863391 125066163 543769363 543774710 543782782 543795564 543797359 543800767 543814571 543819996
100 100 86 80 70 55 53 50 33 26
5 3 171029580 905
170942625 170948223 170948668 170997864 171013847
98 93 38 13 3
3 1 533640779 830
533592818 533620669 533626883
58 25 17
3 3 192644745 161
192628666 192639969 192640036
100 30 30
10 2 792986871 652
21563589 155889612 792936223 792945536 792964586 792969646 792970310 792979571 792984728 792985888
83 83 98 83 5 20 24 70 1 48
5 1 173932117 268
173905727 173912686 173915084 173920860 173925663
99 41 10 32 43
3 1 19098085 860
4600210 19055374 19071875
14 85 26
2 2 57608210 872
57521640 57579953
100 4
5 2 34746177 314
34715816 34715848 34726382 34727189 34737174
97 97 64 61 29
9 3 649632468 410
54574976 649603474 649611127 649613648 649618295 649620858 649623184 649625570 649626644
100 71 53 45 35 29 22 17 15
7 2 964444319 26
964441982 964442646 964443045 964443242 964443445 964443469 964444283
90 64 48 42 34 33 1
7 1 426168772 721
426106410 426111689 426137579 426139397 426142237 426145283 426147378
55 2 98 76 5 32 22
1 1 1000000000 1000
999900000
100
9 1 323190021 427
70972145 97875574 119244600 157012239 170122290 191862001 323168278 323180793 323189480
100 100 100 100 100 100 50 21 1
10 3 553786791 14
553785547 553785760 553785850 553785864 553785885 553786116 553786316 553786406 553786470 553786501
89 73 68 67 64 49 33 28 22 20
6 2 20614561 21
20612924 20613626 20614286 20614363 20614452 20614509
95 47 43 4 76 5
5 3 756941135 266
85698753 756922039 756924607 756926220 756939777
95 42 37 10 40
5 1 184802744 694
38065553 184748854 184767414 184778824 184798519
100 77 50 35 6
3 3 380748956 38
380745934 380747512 380748024
90 95 58
7 3 661113948 248
661089497 661097929 661100061 661105664 661105998 661108016 661113337
3 31 28 13 18 8 89
10 1 359332173 664
359270485 359281857 359286445 359292308 359298963 359299796 359301038 359312944 359321019 359324178
41 93 93 82 41 74 22 27 48 55
2 1 790127066 79
301536731 790125348
9 16
3 2 250897743 123
250889606 250890151 250893919
75 45 8
9 3 327146472 506
327096746 327110599 327114160 327118042 327121031 327122666 327126709 327134139 327144906
99 82 48 18 51 64 22 26 80
9 2 885029001 811
8528277 99645642 113580641 884960781 884968063 884981771 884984642 885005259 885010809
100 100 100 84 75 58 54 29 23
4 1 823612344 746
823563709 823577039 823577509 823595814
66 47 46 22
5 1 654598742 473
26673934 654579251 654580818 654588560 654592233
100 41 37 21 14
10 1 498340718 164
114184838 498327122 498327885 498331916 498333580 498334349 498335224 498335234 498337445 498340143
4 1 65 41 99 15 33 21 76 1
6 3 151815301 308
20781597 27266994 151807244 151809185 151809975 151812446
51 6 59 15 33 26
8 3 371552726 564
24007629 371505190 371515239 371527011 371535122 371536331 371539374 371546630
49 99 83 57 7 17 85 9
5 1 747424173 341
747391838 747402737 747408033 747416177 747422208
95 87 84 15 66
7 3 928226987 520
51281005 928181179 928187129 928203224 928222137 928222568 928225564
94 55 94 19 77 10 20
2 2 721640677 212
721636846 721639370
76 19
3 2 391186951 774
391116811 391138286 391144617
91 63 54
9 1 228627198 336
228593856 228598994 228602506 228605260 228611495 228617354 228621038 228621798 228625081
49 92 15 64 9 17 10 9 16
6 2 986577367 217
986555827 986558936 986563306 986563506 986569131 986569967
100 97 73 80 82 54
2 2 175075370 214
175065237 175071067
48 21
9 1 751655183 28
751652595 751652860 751653285 751653365 751653507 751654124 751654835 751655017 751655145
77 24 93 53 27 21 11 3 42
4 3 773656271 826
773586622 773596221 773599855 773653986
85 73 68 3
10 2 854681157 718
854618510 854630901 854640236 854641264 854652590 854656400 854661816 854668797 854672902 854676209
93 78 79 95 72 96 55 69 100 2
7 3 549017845 322
548986460 548994120 548994558 548999841 549008311 549013087 549016253
98 73 72 55 29 14 4
9 3 184524816 709
19515610 184508011 184510672 184515205 184515576 184515927 184516948 184517986 184518968
24 24 10 21 13 3 4 3 7
2 1 149294060 924
149223654 149239203
78 7
6 2 498178746 230
498156585 498168625 498172976 498174023 498176281 498178463
97 45 99 1 99 1
4 3 762262393 548
762223429 762225415 762230705 762248354
86 26 41 4
9 3 197144498 782
197069363 197076458 197078393 197097192 197107706 197107988 197120314 197128715 197132096
98 54 55 94 40 36 21 40 4
10 3 142086080 161
11340615 142073888 142074034 142075686 142075765 142079428 142080214 142083493 142084742 142084951
5 100 79 4 72 8 14 67 97 20
8 3 809935061 923
15789268 809851842 809852928 809874053 809878265 809884790 809915541 809918987
99 80 37 4 34 46 56 1
7 3 323462454 309
114225675 323435363 323437752 323438888 323444244 323447588 323448026
4 44 93 66 36 2 13
5 2 238455933 671
238407532 238412250 238416518 238422677 238432136
97 100 67 95 93
5 3 392589501 515
392548307 392555425 392557481 392581994 392585979
94 91 73 85 2
2 1 949090890 764
949020133 949030135
93 80
4 1 168373100 416
54052640 108374924 139310075 168372251
100 100 100 2
4 1 439788848 557
439750608 439753095 439757959 439764161
90 24 10 46
3 1 549222415 907
16436661 247936189 423916123
97 90 53
4 1 361932134 679
361868506 361872744 361873784 361928976
69 74 99 81
4 1 553137490 683
553078913 553083922 553116518 553125757
86 78 30 17
6 3 189929516 57
53192919 72393506 189925905 189927956 189928427 189929044
59 49 72 29 10 7
2 2 1000000000 1000
1 999999999
100 1
6 1 903721044 980
903627915 903630293 903645421 903656351 903687167 903692404
8 20 40 58 24 7
7 1 710653723 122
710645231 710646017 710647790 710649016 710650210 710650293 710652175
10 42 34 59 84 20 3
5 3 587106949 775
167393761 587040642 587058740 587072051 587092808
49 96 8 15 6
5 2 931725526 960
152496546 931683091 931697885 931706588 931715654
24 28 36 53 7
4 2 889524302 660
19742394 889480177 889511190 889512802
61 81 23 30
5 1 38050006 957
8390020 9115966 10365044 37999931 38002879
74 30 39 75 46
2 1 301412511 529
301362783 301371192
95 80
7 3 488393598 918
101223170 180206753 330856842 488347764 488357070 488369131 488371051
23 96 66 20 33 14 77
9 1 417372489 541
417321316 417321925 417322609 417330523 417339881 417341377 417346593 417361390 417366504
98 94 95 100 50 58 49 38 27
5 2 845129020 65
845123055 845123821 845125969 845126645 845127260
91 79 46 36 28
4 1 317578121 22
24183341 317576796 317576882 317576925
100 60 57 54
3 1 421101862 337
421086205 421088903 421088941
78 90 46
5 3 653009780 883
652924248 652940289 652964852 652990146 653003481
62 53 54 7 74
7 2 127583941 208
127565300 127568320 127568447 127573883 127577489 127577673 127580750
90 76 75 49 32 31 16
9 2 35171523 848
35088730 35110931 35122093 35145503 35146497 35151582 35159988 35162523 35164387
99 59 73 26 20 15 64 32 3
4 2 287755106 777
287738955 287741060 287743192 287751517
21 19 16 4
10 3 716210043 617
716155129 716162335 716164010 716165052 716167541 716171998 716173041 716173168 716197898 716206972
90 77 75 72 68 61 60 60 19 5
5 3 637524679 888
637448411 637468628 637478202 637498910 637523571
86 64 53 30 2
1 1 1000000000 1000
999899999
100
7 3 72902718 10
72901876 72901883 72901962 72902235 72902301 72902500 72902649
85 84 76 49 42 22 7
2 2 547636680 489
547630697 547633573
13 7
10 1 701048057 746
700984396 700985748 700987066 700988486 701005000 701006379 701007842 701015990 701025216 701045270
93 94 92 88 78 95 80 43 32 51
