STATUS AT it = 0

JOB NO.	JOB TIME	TIME LEFT	JOB SIZE	STATUS
1|	5|	5|	5760|	0,-1
2|	4|	4|	4190|	0,-1
3|	8|	8|	3290|	0,-1
4|	2|	2|	2030|	0,-1
5|	2|	2|	2550|	0,-1
6|	6|	6|	6990|	0,-1
7|	8|	8|	8940|	0,-1
8|	10|	10|	740|	0,-1
9|	7|	7|	3930|	0,-1
10|	6|	6|	6890|	0,-1
11|	5|	5|	6580|	0,-1
12|	8|	8|	3820|	0,-1
13|	9|	9|	9140|	0,-1
14|	10|	10|	420|	0,-1
15|	10|	10|	220|	0,-1
16|	7|	7|	7540|	0,-1
17|	3|	3|	3210|	0,-1
18|	1|	1|	1380|	0,-1
19|	9|	9|	9850|	0,-1
20|	3|	3|	3610|	0,-1
21|	8|	8|	7540|	0,-1
22|	2|	2|	2710|	0,-1
23|	8|	8|	8390|	0,-1
24|	5|	5|	5950|	0,-1
25|	10|	10|	760|	0,-1

BLOCK	BLOCK SIZE	SIZE LEFT
1	9550	9550
2	7000	7000
3	4500	4500
4	8500	8500
5	3000	3000
6	9000	9000
7	1000	1000
8	5500	5500
9	1500	1500
10	500	500
STATUS AT it = 0

JOB NO.	JOB TIME	TIME LEFT	JOB SIZE	STATUS
1|	5|	5|	5760|	0,-1
2|	4|	4|	4190|	0,-1
3|	8|	8|	3290|	0,-1
4|	2|	2|	2030|	0,-1
5|	2|	2|	2550|	0,-1
6|	6|	6|	6990|	0,-1
7|	8|	8|	8940|	0,-1
8|	10|	10|	740|	0,-1
9|	7|	7|	3930|	0,-1
10|	6|	6|	6890|	0,-1
11|	5|	5|	6580|	0,-1
12|	8|	8|	3820|	0,-1
13|	9|	9|	9140|	0,-1
14|	10|	10|	420|	0,-1
15|	10|	10|	220|	0,-1
16|	7|	7|	7540|	0,-1
17|	3|	3|	3210|	0,-1
18|	1|	1|	1380|	0,-1
19|	9|	9|	9850|	0,-1
20|	3|	3|	3610|	0,-1
21|	8|	8|	7540|	0,-1
22|	2|	2|	2710|	0,-1
23|	8|	8|	8390|	0,-1
24|	5|	5|	5950|	0,-1
25|	10|	10|	760|	0,-1

BLOCK	BLOCK SIZE	SIZE LEFT
1	9550	9550
2	7000	7000
3	4500	4500
4	8500	8500
5	3000	3000
6	9000	9000
7	1000	1000
8	5500	5500
9	1500	1500
10	500	500
STATUS AT it = 1

JOB NO.	JOB TIME	TIME LEFT	JOB SIZE	STATUS
1|	5|	4|	5760|	0,-1
2|	4|	3|	4190|	0,-1
3|	8|	7|	3290|	0,-1
4|	2|	1|	2030|	0,-1
5|	2|	1|	2550|	0,-1
6|	6|	5|	6990|	0,-1
7|	8|	7|	8940|	0,-1
8|	10|	9|	740|	0,-1
9|	7|	6|	3930|	0,-1
10|	6|	5|	6890|	0,-1
11|	5|	4|	6580|	0,-1
12|	8|	7|	3820|	0,-1
13|	9|	8|	9140|	0,-1
14|	10|	9|	420|	0,-1
15|	10|	9|	220|	0,-1
16|	7|	6|	7540|	0,-1
17|	3|	2|	3210|	0,-1
18|	1|	0|	1380|	0,-1
19|	9|	8|	9850|	0,-1
20|	3|	2|	3610|	0,-1
21|	8|	7|	7540|	0,-1
22|	2|	1|	2710|	0,-1
23|	8|	7|	8390|	0,-1
24|	5|	4|	5950|	0,-1
25|	10|	9|	760|	0,-1

BLOCK	BLOCK SIZE	SIZE LEFT
1	9550	9550
2	7000	7000
3	4500	4500
4	8500	8500
5	3000	3000
6	9000	9000
7	1000	1000
8	5500	5500
9	1500	1500
10	500	500
STATUS AT it = 2

JOB NO.	JOB TIME	TIME LEFT	JOB SIZE	STATUS
1|	5|	3|	5760|	0,-1
2|	4|	2|	4190|	0,-1
3|	8|	6|	3290|	0,-1
4|	2|	0|	2030|	0,-1
5|	2|	0|	2550|	0,-1
6|	6|	4|	6990|	0,-1
7|	8|	6|	8940|	0,-1
8|	10|	8|	740|	0,-1
9|	7|	5|	3930|	0,-1
10|	6|	4|	6890|	0,-1
11|	5|	3|	6580|	0,-1
12|	8|	6|	3820|	0,-1
13|	9|	7|	9140|	0,-1
14|	10|	8|	420|	0,-1
15|	10|	8|	220|	0,-1
16|	7|	5|	7540|	0,-1
17|	3|	1|	3210|	0,-1
18|	1|	-1|	1380|	0,-1
19|	9|	7|	9850|	0,-1
20|	3|	1|	3610|	0,-1
21|	8|	6|	7540|	0,-1
22|	2|	0|	2710|	0,-1
23|	8|	6|	8390|	0,-1
24|	5|	3|	5950|	0,-1
25|	10|	8|	760|	0,-1

BLOCK	BLOCK SIZE	SIZE LEFT
1	9550	9550
2	7000	7000
3	4500	4500
4	8500	8500
5	3000	3000
6	9000	9000
7	1000	1000
8	5500	5500
9	1500	1500
10	500	500
STATUS AT it = 2

JOB NO.	JOB TIME	TIME LEFT	JOB SIZE	STATUS
1|	5|	2|	5760|	0,-1
2|	4|	1|	4190|	0,-1
3|	8|	5|	3290|	0,-1
4|	2|	-1|	2030|	0,-1
5|	2|	-1|	2550|	0,-1
6|	6|	3|	6990|	0,-1
7|	8|	5|	8940|	0,-1
8|	10|	7|	740|	0,-1
9|	7|	4|	3930|	0,-1
10|	6|	3|	6890|	0,-1
11|	5|	2|	6580|	0,-1
12|	8|	5|	3820|	0,-1
13|	9|	6|	9140|	0,-1
14|	10|	7|	420|	0,-1
15|	10|	7|	220|	0,-1
16|	7|	4|	7540|	0,-1
17|	3|	0|	3210|	0,-1
18|	1|	-2|	1380|	0,-1
19|	9|	6|	9850|	0,-1
20|	3|	0|	3610|	0,-1
21|	8|	5|	7540|	0,-1
22|	2|	-1|	2710|	0,-1
23|	8|	5|	8390|	0,-1
24|	5|	2|	5950|	0,-1
25|	10|	7|	760|	0,-1

BLOCK	BLOCK SIZE	SIZE LEFT
1	9550	9550
2	7000	7000
3	4500	4500
4	8500	8500
5	3000	3000
6	9000	9000
7	1000	1000
8	5500	5500
9	1500	1500
10	500	500
STATUS AT it = 2

JOB NO.	JOB TIME	TIME LEFT	JOB SIZE	STATUS
1|	5|	1|	5760|	0,-1
2|	4|	0|	4190|	0,-1
3|	8|	4|	3290|	0,-1
4|	2|	-2|	2030|	0,-1
5|	2|	-2|	2550|	0,-1
6|	6|	2|	6990|	0,-1
7|	8|	4|	8940|	0,-1
8|	10|	6|	740|	0,-1
9|	7|	3|	3930|	0,-1
10|	6|	2|	6890|	0,-1
11|	5|	1|	6580|	0,-1
12|	8|	4|	3820|	0,-1
13|	9|	5|	9140|	0,-1
14|	10|	6|	420|	0,-1
15|	10|	6|	220|	0,-1
16|	7|	3|	7540|	0,-1
17|	3|	-1|	3210|	0,-1
18|	1|	-3|	1380|	0,-1
19|	9|	5|	9850|	0,-1
20|	3|	-1|	3610|	0,-1
21|	8|	4|	7540|	0,-1
22|	2|	-2|	2710|	0,-1
23|	8|	4|	8390|	0,-1
24|	5|	1|	5950|	0,-1
25|	10|	6|	760|	0,-1

BLOCK	BLOCK SIZE	SIZE LEFT
1	9550	9550
2	7000	7000
3	4500	4500
4	8500	8500
5	3000	3000
6	9000	9000
7	1000	1000
8	5500	5500
9	1500	1500
10	500	500
STATUS AT it = 2

JOB NO.	JOB TIME	TIME LEFT	JOB SIZE	STATUS
1|	5|	0|	5760|	0,-1
2|	4|	-1|	4190|	0,-1
3|	8|	3|	3290|	0,-1
4|	2|	-3|	2030|	0,-1
5|	2|	-3|	2550|	0,-1
6|	6|	1|	6990|	0,-1
7|	8|	3|	8940|	0,-1
8|	10|	5|	740|	0,-1
9|	7|	2|	3930|	0,-1
10|	6|	1|	6890|	0,-1
11|	5|	0|	6580|	0,-1
12|	8|	3|	3820|	0,-1
13|	9|	4|	9140|	0,-1
14|	10|	5|	420|	0,-1
15|	10|	5|	220|	0,-1
16|	7|	2|	7540|	0,-1
17|	3|	-2|	3210|	0,-1
18|	1|	-4|	1380|	0,-1
19|	9|	4|	9850|	0,-1
20|	3|	-2|	3610|	0,-1
21|	8|	3|	7540|	0,-1
22|	2|	-3|	2710|	0,-1
23|	8|	3|	8390|	0,-1
24|	5|	0|	5950|	0,-1
25|	10|	5|	760|	0,-1

BLOCK	BLOCK SIZE	SIZE LEFT
1	9550	9550
2	7000	7000
3	4500	4500
4	8500	8500
5	3000	3000
6	9000	9000
7	1000	1000
8	5500	5500
9	1500	1500
10	500	500
STATUS AT it = 2

JOB NO.	JOB TIME	TIME LEFT	JOB SIZE	STATUS
1|	5|	-1|	5760|	0,-1
2|	4|	-2|	4190|	0,-1
3|	8|	2|	3290|	0,-1
4|	2|	-4|	2030|	0,-1
5|	2|	-4|	2550|	0,-1
6|	6|	0|	6990|	0,-1
7|	8|	2|	8940|	0,-1
8|	10|	4|	740|	0,-1
9|	7|	1|	3930|	0,-1
10|	6|	0|	6890|	0,-1
11|	5|	-1|	6580|	0,-1
12|	8|	2|	3820|	0,-1
13|	9|	3|	9140|	0,-1
14|	10|	4|	420|	0,-1
15|	10|	4|	220|	0,-1
16|	7|	1|	7540|	0,-1
17|	3|	-3|	3210|	0,-1
18|	1|	-5|	1380|	0,-1
19|	9|	3|	9850|	0,-1
20|	3|	-3|	3610|	0,-1
21|	8|	2|	7540|	0,-1
22|	2|	-4|	2710|	0,-1
23|	8|	2|	8390|	0,-1
24|	5|	-1|	5950|	0,-1
25|	10|	4|	760|	0,-1

BLOCK	BLOCK SIZE	SIZE LEFT
1	9550	9550
2	7000	7000
3	4500	4500
4	8500	8500
5	3000	3000
6	9000	9000
7	1000	1000
8	5500	5500
9	1500	1500
10	500	500
STATUS AT it = 2

JOB NO.	JOB TIME	TIME LEFT	JOB SIZE	STATUS
1|	5|	-2|	5760|	0,-1
2|	4|	-3|	4190|	0,-1
3|	8|	1|	3290|	0,-1
4|	2|	-5|	2030|	0,-1
5|	2|	-5|	2550|	0,-1
6|	6|	-1|	6990|	0,-1
7|	8|	1|	8940|	0,-1
8|	10|	3|	740|	0,-1
9|	7|	0|	3930|	0,-1
10|	6|	-1|	6890|	0,-1
11|	5|	-2|	6580|	0,-1
12|	8|	1|	3820|	0,-1
13|	9|	2|	9140|	0,-1
14|	10|	3|	420|	0,-1
15|	10|	3|	220|	0,-1
16|	7|	0|	7540|	0,-1
17|	3|	-4|	3210|	0,-1
18|	1|	-6|	1380|	0,-1
19|	9|	2|	9850|	0,-1
20|	3|	-4|	3610|	0,-1
21|	8|	1|	7540|	0,-1
22|	2|	-5|	2710|	0,-1
23|	8|	1|	8390|	0,-1
24|	5|	-2|	5950|	0,-1
25|	10|	3|	760|	0,-1

BLOCK	BLOCK SIZE	SIZE LEFT
1	9550	9550
2	7000	7000
3	4500	4500
4	8500	8500
5	3000	3000
6	9000	9000
7	1000	1000
8	5500	5500
9	1500	1500
10	500	500
STATUS AT it = 2

JOB NO.	JOB TIME	TIME LEFT	JOB SIZE	STATUS
1|	5|	-3|	5760|	0,-1
2|	4|	-4|	4190|	0,-1
3|	8|	0|	3290|	0,-1
4|	2|	-6|	2030|	0,-1
5|	2|	-6|	2550|	0,-1
6|	6|	-2|	6990|	0,-1
7|	8|	0|	8940|	0,-1
8|	10|	2|	740|	0,-1
9|	7|	-1|	3930|	0,-1
10|	6|	-2|	6890|	0,-1
11|	5|	-3|	6580|	0,-1
12|	8|	0|	3820|	0,-1
13|	9|	1|	9140|	0,-1
14|	10|	2|	420|	0,-1
15|	10|	2|	220|	0,-1
16|	7|	-1|	7540|	0,-1
17|	3|	-5|	3210|	0,-1
18|	1|	-7|	1380|	0,-1
19|	9|	1|	9850|	0,-1
20|	3|	-5|	3610|	0,-1
21|	8|	0|	7540|	0,-1
22|	2|	-6|	2710|	0,-1
23|	8|	0|	8390|	0,-1
24|	5|	-3|	5950|	0,-1
25|	10|	2|	760|	0,-1

BLOCK	BLOCK SIZE	SIZE LEFT
1	9550	9550
2	7000	7000
3	4500	4500
4	8500	8500
5	3000	3000
6	9000	9000
7	1000	1000
8	5500	5500
9	1500	1500
10	500	500
STATUS AT it = 2

JOB NO.	JOB TIME	TIME LEFT	JOB SIZE	STATUS
1|	5|	-4|	5760|	0,-1
2|	4|	-5|	4190|	0,-1
3|	8|	-1|	3290|	0,-1
4|	2|	-7|	2030|	0,-1
5|	2|	-7|	2550|	0,-1
6|	6|	-3|	6990|	0,-1
7|	8|	-1|	8940|	0,-1
8|	10|	1|	740|	0,-1
9|	7|	-2|	3930|	0,-1
10|	6|	-3|	6890|	0,-1
11|	5|	-4|	6580|	0,-1
12|	8|	-1|	3820|	0,-1
13|	9|	0|	9140|	0,-1
14|	10|	1|	420|	0,-1
15|	10|	1|	220|	0,-1
16|	7|	-2|	7540|	0,-1
17|	3|	-6|	3210|	0,-1
18|	1|	-8|	1380|	0,-1
19|	9|	0|	9850|	0,-1
20|	3|	-6|	3610|	0,-1
21|	8|	-1|	7540|	0,-1
22|	2|	-7|	2710|	0,-1
23|	8|	-1|	8390|	0,-1
24|	5|	-4|	5950|	0,-1
25|	10|	1|	760|	0,-1

BLOCK	BLOCK SIZE	SIZE LEFT
1	9550	9550
2	7000	7000
3	4500	4500
4	8500	8500
5	3000	3000
6	9000	9000
7	1000	1000
8	5500	5500
9	1500	1500
10	500	500
STATUS AT it = 2

JOB NO.	JOB TIME	TIME LEFT	JOB SIZE	STATUS
1|	5|	-5|	5760|	0,-1
2|	4|	-6|	4190|	0,-1
3|	8|	-2|	3290|	0,-1
4|	2|	-8|	2030|	0,-1
5|	2|	-8|	2550|	0,-1
6|	6|	-4|	6990|	0,-1
7|	8|	-2|	8940|	0,-1
8|	10|	0|	740|	0,-1
9|	7|	-3|	3930|	0,-1
10|	6|	-4|	6890|	0,-1
11|	5|	-5|	6580|	0,-1
12|	8|	-2|	3820|	0,-1
13|	9|	-1|	9140|	0,-1
14|	10|	0|	420|	0,-1
15|	10|	0|	220|	0,-1
16|	7|	-3|	7540|	0,-1
17|	3|	-7|	3210|	0,-1
18|	1|	-9|	1380|	0,-1
19|	9|	-1|	9850|	0,-1
20|	3|	-7|	3610|	0,-1
21|	8|	-2|	7540|	0,-1
22|	2|	-8|	2710|	0,-1
23|	8|	-2|	8390|	0,-1
24|	5|	-5|	5950|	0,-1
25|	10|	0|	760|	0,-1

BLOCK	BLOCK SIZE	SIZE LEFT
1	9550	9550
2	7000	7000
3	4500	4500
4	8500	8500
5	3000	3000
6	9000	9000
7	1000	1000
8	5500	5500
9	1500	1500
10	500	500
STATUS AT it = 2

JOB NO.	JOB TIME	TIME LEFT	JOB SIZE	STATUS
1|	5|	-6|	5760|	0,-1
2|	4|	-7|	4190|	0,-1
3|	8|	-3|	3290|	0,-1
4|	2|	-9|	2030|	0,-1
5|	2|	-9|	2550|	0,-1
6|	6|	-5|	6990|	0,-1
7|	8|	-3|	8940|	0,-1
8|	10|	-1|	740|	0,-1
9|	7|	-4|	3930|	0,-1
10|	6|	-5|	6890|	0,-1
11|	5|	-6|	6580|	0,-1
12|	8|	-3|	3820|	0,-1
13|	9|	-2|	9140|	0,-1
14|	10|	-1|	420|	0,-1
15|	10|	-1|	220|	0,-1
16|	7|	-4|	7540|	0,-1
17|	3|	-8|	3210|	0,-1
18|	1|	-10|	1380|	0,-1
19|	9|	-2|	9850|	0,-1
20|	3|	-8|	3610|	0,-1
21|	8|	-3|	7540|	0,-1
22|	2|	-9|	2710|	0,-1
23|	8|	-3|	8390|	0,-1
24|	5|	-6|	5950|	0,-1
25|	10|	-1|	760|	0,-1

BLOCK	BLOCK SIZE	SIZE LEFT
1	9550	9550
2	7000	7000
3	4500	4500
4	8500	8500
5	3000	3000
6	9000	9000
7	1000	1000
8	5500	5500
9	1500	1500
10	500	500
STATUS AT it = 3

JOB NO.	JOB TIME	TIME LEFT	JOB SIZE	STATUS
1|	5|	-7|	5760|	0,-1
2|	4|	-8|	4190|	0,-1
3|	8|	-4|	3290|	0,-1
4|	2|	-10|	2030|	0,-1
5|	2|	-10|	2550|	0,-1
6|	6|	-6|	6990|	0,-1
7|	8|	-4|	8940|	0,-1
8|	10|	-2|	740|	0,-1
9|	7|	-5|	3930|	0,-1
10|	6|	-6|	6890|	0,-1
11|	5|	-7|	6580|	0,-1
12|	8|	-4|	3820|	0,-1
13|	9|	-3|	9140|	0,-1
14|	10|	-2|	420|	0,-1
15|	10|	-2|	220|	0,-1
16|	7|	-5|	7540|	0,-1
17|	3|	-9|	3210|	0,-1
18|	1|	-11|	1380|	0,-1
19|	9|	-3|	9850|	0,-1
20|	3|	-9|	3610|	0,-1
21|	8|	-4|	7540|	0,-1
22|	2|	-10|	2710|	0,-1
23|	8|	-4|	8390|	0,-1
24|	5|	-7|	5950|	0,-1
25|	10|	-2|	760|	0,-1

BLOCK	BLOCK SIZE	SIZE LEFT
1	9550	9550
2	7000	7000
3	4500	4500
4	8500	8500
5	3000	3000
6	9000	9000
7	1000	1000
8	5500	5500
9	1500	1500
10	500	500
STATUS AT it = 4

JOB NO.	JOB TIME	TIME LEFT	JOB SIZE	STATUS
1|	5|	-8|	5760|	0,-1
2|	4|	-9|	4190|	0,-1
3|	8|	-5|	3290|	0,-1
4|	2|	-11|	2030|	0,-1
5|	2|	-11|	2550|	0,-1
6|	6|	-7|	6990|	0,-1
7|	8|	-5|	8940|	0,-1
8|	10|	-3|	740|	0,-1
9|	7|	-6|	3930|	0,-1
10|	6|	-7|	6890|	0,-1
11|	5|	-8|	6580|	0,-1
12|	8|	-5|	3820|	0,-1
13|	9|	-4|	9140|	0,-1
14|	10|	-3|	420|	0,-1
15|	10|	-3|	220|	0,-1
16|	7|	-6|	7540|	0,-1
17|	3|	-10|	3210|	0,-1
18|	1|	-12|	1380|	0,-1
19|	9|	-4|	9850|	0,-1
20|	3|	-10|	3610|	0,-1
21|	8|	-5|	7540|	0,-1
22|	2|	-11|	2710|	0,-1
23|	8|	-5|	8390|	0,-1
24|	5|	-8|	5950|	0,-1
25|	10|	-3|	760|	0,-1

BLOCK	BLOCK SIZE	SIZE LEFT
1	9550	9550
2	7000	7000
3	4500	4500
4	8500	8500
5	3000	3000
6	9000	9000
7	1000	1000
8	5500	5500
9	1500	1500
10	500	500
STATUS AT it = 5

JOB NO.	JOB TIME	TIME LEFT	JOB SIZE	STATUS
1|	5|	-9|	5760|	0,-1
2|	4|	-10|	4190|	0,-1
3|	8|	-6|	3290|	0,-1
4|	2|	-12|	2030|	0,-1
5|	2|	-12|	2550|	0,-1
6|	6|	-8|	6990|	0,-1
7|	8|	-6|	8940|	0,-1
8|	10|	-4|	740|	0,-1
9|	7|	-7|	3930|	0,-1
10|	6|	-8|	6890|	0,-1
11|	5|	-9|	6580|	0,-1
12|	8|	-6|	3820|	0,-1
13|	9|	-5|	9140|	0,-1
14|	10|	-4|	420|	0,-1
15|	10|	-4|	220|	0,-1
16|	7|	-7|	7540|	0,-1
17|	3|	-11|	3210|	0,-1
18|	1|	-13|	1380|	0,-1
19|	9|	-5|	9850|	0,-1
20|	3|	-11|	3610|	0,-1
21|	8|	-6|	7540|	0,-1
22|	2|	-12|	2710|	0,-1
23|	8|	-6|	8390|	0,-1
24|	5|	-9|	5950|	0,-1
25|	10|	-4|	760|	0,-1

BLOCK	BLOCK SIZE	SIZE LEFT
1	9550	9550
2	7000	7000
3	4500	4500
4	8500	8500
5	3000	3000
6	9000	9000
7	1000	1000
8	5500	5500
9	1500	1500
10	500	500
STATUS AT it = 6

JOB NO.	JOB TIME	TIME LEFT	JOB SIZE	STATUS
1|	5|	-10|	5760|	0,-1
2|	4|	-11|	4190|	0,-1
3|	8|	-7|	3290|	0,-1
4|	2|	-13|	2030|	0,-1
5|	2|	-13|	2550|	0,-1
6|	6|	-9|	6990|	0,-1
7|	8|	-7|	8940|	0,-1
8|	10|	-5|	740|	0,-1
9|	7|	-8|	3930|	0,-1
10|	6|	-9|	6890|	0,-1
11|	5|	-10|	6580|	0,-1
12|	8|	-7|	3820|	0,-1
13|	9|	-6|	9140|	0,-1
14|	10|	-5|	420|	0,-1
15|	10|	-5|	220|	0,-1
16|	7|	-8|	7540|	0,-1
17|	3|	-12|	3210|	0,-1
18|	1|	-14|	1380|	0,-1
19|	9|	-6|	9850|	0,-1
20|	3|	-12|	3610|	0,-1
21|	8|	-7|	7540|	0,-1
22|	2|	-13|	2710|	0,-1
23|	8|	-7|	8390|	0,-1
24|	5|	-10|	5950|	0,-1
25|	10|	-5|	760|	0,-1

BLOCK	BLOCK SIZE	SIZE LEFT
1	9550	9550
2	7000	7000
3	4500	4500
4	8500	8500
5	3000	3000
6	9000	9000
7	1000	1000
8	5500	5500
9	1500	1500
10	500	500
STATUS AT it = 7

JOB NO.	JOB TIME	TIME LEFT	JOB SIZE	STATUS
1|	5|	-11|	5760|	0,-1
2|	4|	-12|	4190|	0,-1
3|	8|	-8|	3290|	0,-1
4|	2|	-14|	2030|	0,-1
5|	2|	-14|	2550|	0,-1
6|	6|	-10|	6990|	0,-1
7|	8|	-8|	8940|	0,-1
8|	10|	-6|	740|	0,-1
9|	7|	-9|	3930|	0,-1
10|	6|	-10|	6890|	0,-1
11|	5|	-11|	6580|	0,-1
12|	8|	-8|	3820|	0,-1
13|	9|	-7|	9140|	0,-1
14|	10|	-6|	420|	0,-1
15|	10|	-6|	220|	0,-1
16|	7|	-9|	7540|	0,-1
17|	3|	-13|	3210|	0,-1
18|	1|	-15|	1380|	0,-1
19|	9|	-7|	9850|	0,-1
20|	3|	-13|	3610|	0,-1
21|	8|	-8|	7540|	0,-1
22|	2|	-14|	2710|	0,-1
23|	8|	-8|	8390|	0,-1
24|	5|	-11|	5950|	0,-1
25|	10|	-6|	760|	0,-1

BLOCK	BLOCK SIZE	SIZE LEFT
1	9550	9550
2	7000	7000
3	4500	4500
4	8500	8500
5	3000	3000
6	9000	9000
7	1000	1000
8	5500	5500
9	1500	1500
10	500	500
STATUS AT it = 8

JOB NO.	JOB TIME	TIME LEFT	JOB SIZE	STATUS
1|	5|	-12|	5760|	0,-1
2|	4|	-13|	4190|	0,-1
3|	8|	-9|	3290|	0,-1
4|	2|	-15|	2030|	0,-1
5|	2|	-15|	2550|	0,-1
6|	6|	-11|	6990|	0,-1
7|	8|	-9|	8940|	0,-1
8|	10|	-7|	740|	0,-1
9|	7|	-10|	3930|	0,-1
10|	6|	-11|	6890|	0,-1
11|	5|	-12|	6580|	0,-1
12|	8|	-9|	3820|	0,-1
13|	9|	-8|	9140|	0,-1
14|	10|	-7|	420|	0,-1
15|	10|	-7|	220|	0,-1
16|	7|	-10|	7540|	0,-1
17|	3|	-14|	3210|	0,-1
18|	1|	-16|	1380|	0,-1
19|	9|	-8|	9850|	0,-1
20|	3|	-14|	3610|	0,-1
21|	8|	-9|	7540|	0,-1
22|	2|	-15|	2710|	0,-1
23|	8|	-9|	8390|	0,-1
24|	5|	-12|	5950|	0,-1
25|	10|	-7|	760|	0,-1

BLOCK	BLOCK SIZE	SIZE LEFT
1	9550	9550
2	7000	7000
3	4500	4500
4	8500	8500
5	3000	3000
6	9000	9000
7	1000	1000
8	5500	5500
9	1500	1500
10	500	500
STATUS AT it = 9

JOB NO.	JOB TIME	TIME LEFT	JOB SIZE	STATUS
1|	5|	-13|	5760|	0,-1
2|	4|	-14|	4190|	0,-1
3|	8|	-10|	3290|	0,-1
4|	2|	-16|	2030|	0,-1
5|	2|	-16|	2550|	0,-1
6|	6|	-12|	6990|	0,-1
7|	8|	-10|	8940|	0,-1
8|	10|	-8|	740|	0,-1
9|	7|	-11|	3930|	0,-1
10|	6|	-12|	6890|	0,-1
11|	5|	-13|	6580|	0,-1
12|	8|	-10|	3820|	0,-1
13|	9|	-9|	9140|	0,-1
14|	10|	-8|	420|	0,-1
15|	10|	-8|	220|	0,-1
16|	7|	-11|	7540|	0,-1
17|	3|	-15|	3210|	0,-1
18|	1|	-17|	1380|	0,-1
19|	9|	-9|	9850|	0,-1
20|	3|	-15|	3610|	0,-1
21|	8|	-10|	7540|	0,-1
22|	2|	-16|	2710|	0,-1
23|	8|	-10|	8390|	0,-1
24|	5|	-13|	5950|	0,-1
25|	10|	-8|	760|	0,-1

BLOCK	BLOCK SIZE	SIZE LEFT
1	9550	9550
2	7000	7000
3	4500	4500
4	8500	8500
5	3000	3000
6	9000	9000
7	1000	1000
8	5500	5500
9	1500	1500
10	500	500
STATUS AT it = 10

JOB NO.	JOB TIME	TIME LEFT	JOB SIZE	STATUS
1|	5|	-14|	5760|	0,-1
2|	4|	-15|	4190|	0,-1
3|	8|	-11|	3290|	0,-1
4|	2|	-17|	2030|	0,-1
5|	2|	-17|	2550|	0,-1
6|	6|	-13|	6990|	0,-1
7|	8|	-11|	8940|	0,-1
8|	10|	-9|	740|	0,-1
9|	7|	-12|	3930|	0,-1
10|	6|	-13|	6890|	0,-1
11|	5|	-14|	6580|	0,-1
12|	8|	-11|	3820|	0,-1
13|	9|	-10|	9140|	0,-1
14|	10|	-9|	420|	0,-1
15|	10|	-9|	220|	0,-1
16|	7|	-12|	7540|	0,-1
17|	3|	-16|	3210|	0,-1
18|	1|	-18|	1380|	0,-1
19|	9|	-10|	9850|	0,-1
20|	3|	-16|	3610|	0,-1
21|	8|	-11|	7540|	0,-1
22|	2|	-17|	2710|	0,-1
23|	8|	-11|	8390|	0,-1
24|	5|	-14|	5950|	0,-1
25|	10|	-9|	760|	0,-1

BLOCK	BLOCK SIZE	SIZE LEFT
1	9550	9550
2	7000	7000
3	4500	4500
4	8500	8500
5	3000	3000
6	9000	9000
7	1000	1000
8	5500	5500
9	1500	1500
10	500	500
STATUS AT it = 11

JOB NO.	JOB TIME	TIME LEFT	JOB SIZE	STATUS
1|	5|	-15|	5760|	0,-1
2|	4|	-16|	4190|	0,-1
3|	8|	-12|	3290|	0,-1
4|	2|	-18|	2030|	0,-1
5|	2|	-18|	2550|	0,-1
6|	6|	-14|	6990|	0,-1
7|	8|	-12|	8940|	0,-1
8|	10|	-10|	740|	0,-1
9|	7|	-13|	3930|	0,-1
10|	6|	-14|	6890|	0,-1
11|	5|	-15|	6580|	0,-1
12|	8|	-12|	3820|	0,-1
13|	9|	-11|	9140|	0,-1
14|	10|	-10|	420|	0,-1
15|	10|	-10|	220|	0,-1
16|	7|	-13|	7540|	0,-1
17|	3|	-17|	3210|	0,-1
18|	1|	-19|	1380|	0,-1
19|	9|	-11|	9850|	0,-1
20|	3|	-17|	3610|	0,-1
21|	8|	-12|	7540|	0,-1
22|	2|	-18|	2710|	0,-1
23|	8|	-12|	8390|	0,-1
24|	5|	-15|	5950|	0,-1
25|	10|	-10|	760|	0,-1

BLOCK	BLOCK SIZE	SIZE LEFT
1	9550	9550
2	7000	7000
3	4500	4500
4	8500	8500
5	3000	3000
6	9000	9000
7	1000	1000
8	5500	5500
9	1500	1500
10	500	500
STATUS AT it = 12

JOB NO.	JOB TIME	TIME LEFT	JOB SIZE	STATUS
1|	5|	-16|	5760|	0,-1
2|	4|	-17|	4190|	0,-1
3|	8|	-13|	3290|	0,-1
4|	2|	-19|	2030|	0,-1
5|	2|	-19|	2550|	0,-1
6|	6|	-15|	6990|	0,-1
7|	8|	-13|	8940|	0,-1
8|	10|	-11|	740|	0,-1
9|	7|	-14|	3930|	0,-1
10|	6|	-15|	6890|	0,-1
11|	5|	-16|	6580|	0,-1
12|	8|	-13|	3820|	0,-1
13|	9|	-12|	9140|	0,-1
14|	10|	-11|	420|	0,-1
15|	10|	-11|	220|	0,-1
16|	7|	-14|	7540|	0,-1
17|	3|	-18|	3210|	0,-1
18|	1|	-20|	1380|	0,-1
19|	9|	-12|	9850|	0,-1
20|	3|	-18|	3610|	0,-1
21|	8|	-13|	7540|	0,-1
22|	2|	-19|	2710|	0,-1
23|	8|	-13|	8390|	0,-1
24|	5|	-16|	5950|	0,-1
25|	10|	-11|	760|	0,-1

BLOCK	BLOCK SIZE	SIZE LEFT
1	9550	9550
2	7000	7000
3	4500	4500
4	8500	8500
5	3000	3000
6	9000	9000
7	1000	1000
8	5500	5500
9	1500	1500
10	500	500
STATUS AT it = 13

JOB NO.	JOB TIME	TIME LEFT	JOB SIZE	STATUS
1|	5|	-17|	5760|	0,-1
2|	4|	-18|	4190|	0,-1
3|	8|	-14|	3290|	0,-1
4|	2|	-20|	2030|	0,-1
5|	2|	-20|	2550|	0,-1
6|	6|	-16|	6990|	0,-1
7|	8|	-14|	8940|	0,-1
8|	10|	-12|	740|	0,-1
9|	7|	-15|	3930|	0,-1
10|	6|	-16|	6890|	0,-1
11|	5|	-17|	6580|	0,-1
12|	8|	-14|	3820|	0,-1
13|	9|	-13|	9140|	0,-1
14|	10|	-12|	420|	0,-1
15|	10|	-12|	220|	0,-1
16|	7|	-15|	7540|	0,-1
17|	3|	-19|	3210|	0,-1
18|	1|	-21|	1380|	0,-1
19|	9|	-13|	9850|	0,-1
20|	3|	-19|	3610|	0,-1
21|	8|	-14|	7540|	0,-1
22|	2|	-20|	2710|	0,-1
23|	8|	-14|	8390|	0,-1
24|	5|	-17|	5950|	0,-1
25|	10|	-12|	760|	0,-1

BLOCK	BLOCK SIZE	SIZE LEFT
1	9550	9550
2	7000	7000
3	4500	4500
4	8500	8500
5	3000	3000
6	9000	9000
7	1000	1000
8	5500	5500
9	1500	1500
10	500	500
STATUS AT it = 14

JOB NO.	JOB TIME	TIME LEFT	JOB SIZE	STATUS
1|	5|	-18|	5760|	0,-1
2|	4|	-19|	4190|	0,-1
3|	8|	-15|	3290|	0,-1
4|	2|	-21|	2030|	0,-1
5|	2|	-21|	2550|	0,-1
6|	6|	-17|	6990|	0,-1
7|	8|	-15|	8940|	0,-1
8|	10|	-13|	740|	0,-1
9|	7|	-16|	3930|	0,-1
10|	6|	-17|	6890|	0,-1
11|	5|	-18|	6580|	0,-1
12|	8|	-15|	3820|	0,-1
13|	9|	-14|	9140|	0,-1
14|	10|	-13|	420|	0,-1
15|	10|	-13|	220|	0,-1
16|	7|	-16|	7540|	0,-1
17|	3|	-20|	3210|	0,-1
18|	1|	-22|	1380|	0,-1
19|	9|	-14|	9850|	0,-1
20|	3|	-20|	3610|	0,-1
21|	8|	-15|	7540|	0,-1
22|	2|	-21|	2710|	0,-1
23|	8|	-15|	8390|	0,-1
24|	5|	-18|	5950|	0,-1
25|	10|	-13|	760|	0,-1

BLOCK	BLOCK SIZE	SIZE LEFT
1	9550	9550
2	7000	7000
3	4500	4500
4	8500	8500
5	3000	3000
6	9000	9000
7	1000	1000
8	5500	5500
9	1500	1500
10	500	500
STATUS AT it = 15

JOB NO.	JOB TIME	TIME LEFT	JOB SIZE	STATUS
1|	5|	-19|	5760|	0,-1
2|	4|	-20|	4190|	0,-1
3|	8|	-16|	3290|	0,-1
4|	2|	-22|	2030|	0,-1
5|	2|	-22|	2550|	0,-1
6|	6|	-18|	6990|	0,-1
7|	8|	-16|	8940|	0,-1
8|	10|	-14|	740|	0,-1
9|	7|	-17|	3930|	0,-1
10|	6|	-18|	6890|	0,-1
11|	5|	-19|	6580|	0,-1
12|	8|	-16|	3820|	0,-1
13|	9|	-15|	9140|	0,-1
14|	10|	-14|	420|	0,-1
15|	10|	-14|	220|	0,-1
16|	7|	-17|	7540|	0,-1
17|	3|	-21|	3210|	0,-1
18|	1|	-23|	1380|	0,-1
19|	9|	-15|	9850|	0,-1
20|	3|	-21|	3610|	0,-1
21|	8|	-16|	7540|	0,-1
22|	2|	-22|	2710|	0,-1
23|	8|	-16|	8390|	0,-1
24|	5|	-19|	5950|	0,-1
25|	10|	-14|	760|	0,-1

BLOCK	BLOCK SIZE	SIZE LEFT
1	9550	9550
2	7000	7000
3	4500	4500
4	8500	8500
5	3000	3000
6	9000	9000
7	1000	1000
8	5500	5500
9	1500	1500
10	500	500
STATUS AT it = 16

JOB NO.	JOB TIME	TIME LEFT	JOB SIZE	STATUS
1|	5|	-20|	5760|	0,-1
2|	4|	-21|	4190|	0,-1
3|	8|	-17|	3290|	0,-1
4|	2|	-23|	2030|	0,-1
5|	2|	-23|	2550|	0,-1
6|	6|	-19|	6990|	0,-1
7|	8|	-17|	8940|	0,-1
8|	10|	-15|	740|	0,-1
9|	7|	-18|	3930|	0,-1
10|	6|	-19|	6890|	0,-1
11|	5|	-20|	6580|	0,-1
12|	8|	-17|	3820|	0,-1
13|	9|	-16|	9140|	0,-1
14|	10|	-15|	420|	0,-1
15|	10|	-15|	220|	0,-1
16|	7|	-18|	7540|	0,-1
17|	3|	-22|	3210|	0,-1
18|	1|	-24|	1380|	0,-1
19|	9|	-16|	9850|	0,-1
20|	3|	-22|	3610|	0,-1
21|	8|	-17|	7540|	0,-1
22|	2|	-23|	2710|	0,-1
23|	8|	-17|	8390|	0,-1
24|	5|	-20|	5950|	0,-1
25|	10|	-15|	760|	0,-1

BLOCK	BLOCK SIZE	SIZE LEFT
1	9550	9550
2	7000	7000
3	4500	4500
4	8500	8500
5	3000	3000
6	9000	9000
7	1000	1000
8	5500	5500
9	1500	1500
10	500	500
STATUS AT it = 17

JOB NO.	JOB TIME	TIME LEFT	JOB SIZE	STATUS
1|	5|	-21|	5760|	0,-1
2|	4|	-22|	4190|	0,-1
3|	8|	-18|	3290|	0,-1
4|	2|	-24|	2030|	0,-1
5|	2|	-24|	2550|	0,-1
6|	6|	-20|	6990|	0,-1
7|	8|	-18|	8940|	0,-1
8|	10|	-16|	740|	0,-1
9|	7|	-19|	3930|	0,-1
10|	6|	-20|	6890|	0,-1
11|	5|	-21|	6580|	0,-1
12|	8|	-18|	3820|	0,-1
13|	9|	-17|	9140|	0,-1
14|	10|	-16|	420|	0,-1
15|	10|	-16|	220|	0,-1
16|	7|	-19|	7540|	0,-1
17|	3|	-23|	3210|	0,-1
18|	1|	-25|	1380|	0,-1
19|	9|	-17|	9850|	0,-1
20|	3|	-23|	3610|	0,-1
21|	8|	-18|	7540|	0,-1
22|	2|	-24|	2710|	0,-1
23|	8|	-18|	8390|	0,-1
24|	5|	-21|	5950|	0,-1
25|	10|	-16|	760|	0,-1

BLOCK	BLOCK SIZE	SIZE LEFT
1	9550	9550
2	7000	7000
3	4500	4500
4	8500	8500
5	3000	3000
6	9000	9000
7	1000	1000
8	5500	5500
9	1500	1500
10	500	500
STATUS AT it = 18

JOB NO.	JOB TIME	TIME LEFT	JOB SIZE	STATUS
1|	5|	-22|	5760|	0,-1
2|	4|	-23|	4190|	0,-1
3|	8|	-19|	3290|	0,-1
4|	2|	-25|	2030|	0,-1
5|	2|	-25|	2550|	0,-1
6|	6|	-21|	6990|	0,-1
7|	8|	-19|	8940|	0,-1
8|	10|	-17|	740|	0,-1
9|	7|	-20|	3930|	0,-1
10|	6|	-21|	6890|	0,-1
11|	5|	-22|	6580|	0,-1
12|	8|	-19|	3820|	0,-1
13|	9|	-18|	9140|	0,-1
14|	10|	-17|	420|	0,-1
15|	10|	-17|	220|	0,-1
16|	7|	-20|	7540|	0,-1
17|	3|	-24|	3210|	0,-1
18|	1|	-26|	1380|	0,-1
19|	9|	-18|	9850|	0,-1
20|	3|	-24|	3610|	0,-1
21|	8|	-19|	7540|	0,-1
22|	2|	-25|	2710|	0,-1
23|	8|	-19|	8390|	0,-1
24|	5|	-22|	5950|	0,-1
25|	10|	-17|	760|	0,-1

BLOCK	BLOCK SIZE	SIZE LEFT
1	9550	9550
2	7000	7000
3	4500	4500
4	8500	8500
5	3000	3000
6	9000	9000
7	1000	1000
8	5500	5500
9	1500	1500
10	500	500
STATUS AT it = 19

JOB NO.	JOB TIME	TIME LEFT	JOB SIZE	STATUS
1|	5|	-23|	5760|	0,-1
2|	4|	-24|	4190|	0,-1
3|	8|	-20|	3290|	0,-1
4|	2|	-26|	2030|	0,-1
5|	2|	-26|	2550|	0,-1
6|	6|	-22|	6990|	0,-1
7|	8|	-20|	8940|	0,-1
8|	10|	-18|	740|	0,-1
9|	7|	-21|	3930|	0,-1
10|	6|	-22|	6890|	0,-1
11|	5|	-23|	6580|	0,-1
12|	8|	-20|	3820|	0,-1
13|	9|	-19|	9140|	0,-1
14|	10|	-18|	420|	0,-1
15|	10|	-18|	220|	0,-1
16|	7|	-21|	7540|	0,-1
17|	3|	-25|	3210|	0,-1
18|	1|	-27|	1380|	0,-1
19|	9|	-19|	9850|	0,-1
20|	3|	-25|	3610|	0,-1
21|	8|	-20|	7540|	0,-1
22|	2|	-26|	2710|	0,-1
23|	8|	-20|	8390|	0,-1
24|	5|	-23|	5950|	0,-1
25|	10|	-18|	760|	0,-1

BLOCK	BLOCK SIZE	SIZE LEFT
1	9550	9550
2	7000	7000
3	4500	4500
4	8500	8500
5	3000	3000
6	9000	9000
7	1000	1000
8	5500	5500
9	1500	1500
10	500	500
Press any key to continue . . . 
