1
63
3969
250047
10366370
524291222
276165628
510298199
351872159
-292427496
1136560488
501056648
-217451058
726468135
704510661
-102107818
28599491
361190071
36402614
1335835968
260925127
-81358932
546630268
374427920
768308362
-63320617
-33684108
-802652767
420200066
799041529
5876552
1274883232
896586486
302556934
749189324
-343882417
397462757
693930587
115690245
34058101
-816618503
1008896983
-269204341
-83607105
396196131
661966492
-547701243
721003509
21357499
291065251
-209634233
-493969424
1107998833
810980555
-65440833
385581350
-317275869
31999937
883634624
-716335335
1146496949
621531698
651191173
-218619689
268281895
800415636
-443372231
960590148
313808882
154427591
37207665
5795875
-126055005
-112296780
-282915289
241552019
1114668433
292617660
362805743
334051810
-74144741
-37468733
857162410
815400538
667907518
-283981659
633622190
320284290
372775159
581436639
-250593517
-423561049
1015947590
459803108
857770435
-501215146
426847294
-185813405
70544121
1282859562
