40
3 2 100
3 5 7
4 8 16
1 20 5 2
100 2 10000
854 1708 2623 3111 1098 4392 3782 2989 976 1464 4453 2257 1525 4209 3721 4636 4819 793 6039 5307 1830 5368 4697 183 732 671 3843 5002 488 366 5429 5185 1586 3233 4087 2562 2013 122 2684 244 3660 5978 4026 427 1159 2440 1769 4331 2928 2501 4514 5063 4880 6161 3538 4941 1342 5673 3904 2379 5612 5917 1220 5551 2745 4270 5124 3355 3599 1037 2806 3416 5246 305 1647 3294 3050 1281 2135 4148 610 915 4758 2074 4575 5795 1952 549 5490 5734 1403 5856 2867 3965 3172 2318 6100 1891 3477 2196
5 2670 8880
7838 3421 8093 4554 9634
5 1734 5992
729 6874 9320 8104 4730
5 3426 8574
6005 1528 9031 3921 3546
10 2 10000
11 5 1 6 2 7 10 3 15 30
5 7771 8701
2590 352 5603 5179 9393
6 2 10000
9967 9973 9931 9929 9941 9949
51 4391 8779
4390 4390 8780 8780 4390 4390 4390 8780 8780 8780 4390 4390 4390 8780 4390 8780 8780 8780 4390 4390 8780 4390 4390 8780 8780 8780 4390 8780 8780 8780 8780 4390 8780 4390 8780 4390 8780 4390 8780 8780 4390 8780 4390 4390 4390 4390 8780 8780 4390 8780 4390
5 3488 8529
8749 6954 2589 6684 433
2 5001 10000
2500 5000
51 1111 2220
6660 6660 222 6660 222 6660 6660 222 222 222 6660 6660 222 6660 6660 6660 222 222 222 222 222 6660 222 6660 6660 6660 222 222 6660 222 222 222 6660 222 6660 222 6660 6660 222 222 6660 6660 6660 6660 222 222 6660 222 6660 222 6660
5 5283 9121
9294 6998 9630 9304 4569
5 9316 9359
8391 4681 1801 5083 8577
5 6910 9380
9362 6048 4700 99 2954
10 2 10000
5 6 3 7 2310 10 11 1 15 2
5 4357 5680
8742 4306 367 6524 4744
10 61 119
5040 5 40 5760 9360 2160 4320 30 20 60
5 4728 6441
3170 2464 9166 7836 8650
10 61 119
12 4 2160 3600 20 1800 2520 5 4680 30
3 2 50
3 5 75
5 3245 4428
5297 6581 6424 7056 1673
5 3566 7084
1146 4595 1759 162 7526
5 4320 5204
3773 5572 3714 2849 7353
10 8331 9997
2 49 14 119 238 7 17 98 833 34
5 5439 6150
9624 8434 9921 4607 188
7 5 10000
9822 9978 9726 9942 9714 9678 9762
13 2 10000
8633 1 8633 1 1 1 8633 1 1 8633 8633 1 1
5 3964 6086
8495 8851 7106 5628 2474
4 2 10000
17 3 49 4
100 17 48
8064 8448 4272 6000 6192 4032 4800 960 7344 1680 5136 6336 6672 2448 8592 7152 5760 480 8928 1248 1056 720 9312 768 3360 4224 3840 5616 1968 1008 3072 4512 4608 9648 8736 5088 864 9264 7920 3216 1392 3264 5184 3984 624 5808 9888 5712 2208 5664 5040 8304 3312 5856 9456 6480 7056 6960 2592 4080 3408 7440 4128 528 4560 2016 3504 2496 7584 6384 6240 8160 1872 9360 4896 7872 3168 4368 7488 8496 6864 4416 8832 4848 8016 9792 1296 7200 8544 672 1728 3024 3744 6912 8640 576 2400 5424 4992 6048
5 6628 9136
504 9819 7422 2109 8159
100 1 10000
902 4748 6365 8157 5251 8755 1401 4364 7824 9065 3085 3487 9824 9964 9573 8651 9296 6472 5813 5018 7230 1565 3355 5144 5237 633 4331 7307 380 3701 6625 6536 757 813 9571 5274 350 3150 8876 8445 5833 3125 2888 5392 3828 6730 5831 2953 139 7910 548 1378 1767 9456 5984 4752 4073 3538 3475 9671 19 2032 8331 1833 9660 887 255 9204 4441 7959 1766 2287 1327 5786 7749 6053 3707 9570 3111 7766 3118 9032 3777 7243 5399 5408 8498 8760 7266 6204 8543 2537 6324 9174 7142 7406 1575 3906 4831 1105
5 9537 9668
356 9219 9930 7221 836
13 1 10000
4699 4264 6976 875 2891 2367 5324 1179 1294 9573 6826 6464 6645
5 405 2989
6982 1449 9376 9106 850
5 8046 8545
1153 169 7638 4135 4119
50 2 10000
70 28 504 1 45 840 144 56 720 168 1008 140 72 420 2520 63 7 360 1260 84 105 35 280 1680 3 20 240 630 48 90 80 336 5040 2 9 112 4 40 42 315 14 6 36 120 126 12 560 5 30 21
5 8343 8360
444 3662 6158 6692 3429
