Some easy Problems...
--------------------------------------------------------------
100 102 113 119 136 147 160 190
--------------------------------------------------------------
272 299
--------------------------------------------------------------
324 343 344 350 355 369 378 382 386 389
--------------------------------------------------------------
401 412 414 438 440 441 442 443 444 458 476 477 478 488 489
490 492 494 495 499
--------------------------------------------------------------
537 575 579 583 591
--------------------------------------------------------------
612 623 673 674 686
--------------------------------------------------------------
706 713
--------------------------------------------------------------
847
--------------------------------------------------------------
10008 10013 10035 10038 10050 10055 10062 10070 10071 10079
10082
--------------------------------------------------------------
10101 10110 10127 10170
--------------------------------------------------------------
10220 10222 10235 10286 10293
--------------------------------------------------------------
10300 10302 10323 10324 10346
--------------------------------------------------------------
10409 10424 10450 10469 10473 10499
--------------------------------------------------------------
10509 10573 10579 10591
--------------------------------------------------------------
10611 10696
--------------------------------------------------------------
10714 10773 10783 10789
--------------------------------------------------------------
10812 10894
--------------------------------------------------------------
10905 10922 10924 10929 10935 10940 10970
--------------------------------------------------------------