1000
50 700 2
19 57 3
1 1000 2
24 97 2
3 319 3
13 831 4
90 137 6
16 341 4
216 999 9
116 132 2
356 791 2
80 720 3
7 27 7
124 264 5
477 563 10
1 10 5
5 65 5
202 425 6
6 505 6
739 786 9
55 300 5
634 762 2
817 988 8
36 600 4
495 597 4
259 901 7
1 186 6
83 763 4
4 81 8
239 711 5
205 941 5
6 33 10
2 9 6
446 957 9
2 260 8
315 385 8
420 718 3
3 12 9
105 169 2
491 699 2
162 292 5
3 207 9
135 341 5
516 973 2
4 252 6
36 560 6
326 911 3
96 666 5
157 929 8
806 855 8
561 982 9
65 528 2
85 338 3
98 289 6
15 28 10
11 824 4
35 381 10
6 221 2
40 359 9
595 875 10
2 5 8
304 972 4
8 177 9
35 47 8
5 7 8
1 57 2
1 216 6
129 305 5
260 429 3
1 41 8
1 126 5
2 4 5
9 118 10
298 685 4
45 277 3
43 267 3
449 633 7
8 700 10
38 951 5
5 43 2
734 786 2
287 480 6
100 774 6
15 537 8
288 963 9
15 560 5
3 13 3
167 468 3
216 573 9
203 809 4
4 785 4
16 279 2
2 13 4
14 139 7
79 185 9
3 26 3
409 684 4
22 409 5
60 800 4
1 679 8
2 4 10
6 803 10
4 91 8
4 302 4
609 685 3
118 430 10
4 363 3
4 353 7
138 278 6
57 275 7
31 497 4
53 70 5
3 5 6
3 649 6
400 534 5
226 982 6
1 5 9
6 82 6
6 304 3
643 921 2
213 763 8
52 932 8
205 398 6
23 27 7
100 800 2
2 5 10
47 751 4
37 166 6
77 123 8
13 468 6
694 972 5
229 309 5
139 220 7
2 193 10
13 79 3
1 728 9
723 814 4
12 18 6
68 349 7
7 896 2
88 452 10
267 557 5
21 247 10
3 376 6
836 883 2
32 52 3
417 500 2
83 113 7
107 318 9
2 4 5
4 513 2
209 230 8
20 641 2
272 834 9
259 670 4
554 606 10
132 505 6
28 71 2
2 42 5
548 996 8
859 910 7
6 56 3
642 930 4
14 27 8
873 932 4
437 872 2
122 610 5
18 546 4
3 41 9
359 749 9
200 809 2
108 876 10
9 214 5
312 692 3
1 625 5
20 105 2
85 136 9
3 438 3
271 641 2
3 35 8
2 12 7
261 953 3
31 153 6
14 340 4
381 848 8
79 633 8
1 730 9
258 877 8
6 497 5
4 511 2
2 59 4
63 511 3
13 416 2
549 896 10
11 636 8
602 742 2
5 45 9
3 472 2
734 841 3
194 694 3
12 961 4
1 314 7
2 3 7
553 716 2
108 976 3
111 582 7
5 126 10
53 74 2
419 801 9
36 370 10
667 909 3
48 479 10
532 682 6
1 512 2
126 248 4
2 3 7
396 452 10
5 625 5
2 486 10
280 556 5
1 513 8
203 904 7
87 563 2
1 999 10
1 3 9
79 607 10
322 399 9
5 31 7
212 251 7
94 419 5
2 512 4
503 946 7
10 141 8
369 924 3
88 209 9
2 12 2
11 705 8
335 668 8
7 339 9
14 960 2
400 863 10
7 140 3
2 3 2
3 143 7
3 109 6
144 579 3
2 3 7
73 562 2
325 705 8
8 308 6
65 152 10
3 68 3
809 897 5
4 147 7
88 480 9
64 134 6
35 644 6
2 5 3
8 21 8
82 739 3
6 14 6
3 132 8
18 174 8
65 147 6
660 697 8
4 28 6
64 523 10
932 991 9
1 302 6
369 572 8
1 111 7
151 452 3
113 581 5
705 941 8
1 298 10
235 289 5
59 147 3
2 379 10
2 713 5
1 52 5
62 427 4
173 631 8
79 163 9
2 122 10
1 37 10
309 680 6
550 595 9
489 735 6
742 882 5
42 88 4
2 5 10
878 976 3
452 534 4
2 188 9
401 462 9
14 820 3
3 768 2
32 51 4
4 11 2
10 13 8
1 521 6
138 840 9
126 805 5
12 863 9
65 898 6
2 469 10
3 5 2
870 950 7
2 6 8
9 160 2
22 41 3
2 436 7
126 941 4
23 27 2
17 19 6
23 248 10
202 214 4
9 484 10
3 29 10
3 14 9
304 750 3
77 616 2
231 701 2
24 68 8
2 462 2
9 77 2
1 931 5
1 83 5
320 339 9
51 199 3
669 954 9
238 250 5
2 5 5
17 871 9
5 218 6
8 743 5
439 631 8
58 217 10
1 656 7
1 395 9
445 683 10
444 545 5
3 53 3
163 820 5
1 549 9
323 763 10
9 94 5
73 190 10
122 229 5
2 6 5
14 116 4
107 837 3
10 511 10
102 404 2
277 489 5
618 915 2
37 227 6
57 508 8
3 218 2
575 953 7
434 477 9
1 7 7
332 683 8
235 944 4
389 510 2
155 930 6
811 962 4
1 529 8
784 964 6
129 633 8
47 133 5
145 587 10
162 969 2
2 262 9
6 14 3
83 335 5
147 678 2
27 260 8
99 400 2
396 861 4
89 608 6
1 14 6
424 976 8
639 903 10
510 580 8
149 574 4
382 539 2
222 661 3
849 897 5
229 794 7
7 701 10
27 938 9
82 352 6
341 574 6
12 113 7
124 354 8
34 430 9
31 105 7
130 540 5
1 244 8
4 280 9
10 775 5
15 646 3
134 155 6
41 251 8
163 419 6
1 21 6
511 842 4
4 12 6
374 605 7
319 322 10
120 593 10
122 366 3
96 793 5
472 602 7
637 824 7
9 575 8
75 839 5
99 595 6
117 169 7
117 911 4
450 896 8
512 909 7
537 824 6
284 965 4
81 873 6
3 204 3
3 16 2
15 576 6
482 720 4
21 67 5
19 37 4
523 962 10
2 772 3
2 9 3
101 669 2
28 42 8
19 265 6
458 916 3
4 281 8
208 914 6
49 867 2
20 723 8
1 908 9
123 331 4
132 313 5
3 16 10
7 407 10
528 839 7
5 7 2
3 9 9
3 17 6
4 612 9
143 298 2
66 167 3
228 844 7
820 867 3
73 301 7
3 517 7
557 913 10
159 423 10
25 864 6
1 729 3
3 408 7
1 625 5
42 972 3
3 12 5
733 917 6
75 636 6
5 69 9
145 514 7
1 511 2
12 414 9
2 243 9
103 370 4
60 119 6
1 472 7
489 619 6
12 18 4
5 624 3
31 750 5
144 148 9
242 434 7
110 991 9
135 402 7
273 894 4
644 999 3
647 751 9
253 460 9
209 271 3
823 970 5
513 653 9
458 524 3
564 967 5
861 970 8
4 863 6
49 104 9
149 869 5
79 425 7
1 9 9
254 598 3
292 736 7
2 4 3
158 446 7
154 616 2
33 812 10
33 980 7
1 7 3
89 507 9
10 579 9
132 389 5
307 462 9
580 761 7
145 557 9
8 353 4
2 437 5
1 624 5
4 190 8
11 49 7
527 822 6
67 76 6
20 303 6
412 994 7
2 53 7
9 12 3
3 329 10
191 536 8
13 177 10
19 353 4
1 14 9
47 964 6
1 25 10
75 102 3
380 569 7
382 913 9
9 147 10
38 950 5
366 682 9
402 578 4
15 405 6
109 391 6
635 975 4
1 14 10
477 623 4
415 677 8
19 148 5
21 125 5
574 850 8
193 724 10
787 831 6
39 138 6
2 729 3
147 184 9
6 46 10
5 8 4
962 977 5
61 742 7
269 890 7
128 293 8
6 73 6
12 297 3
679 862 3
12 99 3
45 315 7
560 576 7
120 580 9
30 611 7
219 273 5
254 631 8
3 70 2
11 79 9
30 824 3
499 831 10
16 110 7
279 336 4
156 564 3
31 109 6
37 80 6
89 890 5
3 341 6
9 42 4
839 986 5
11 683 4
819 884 2
11 31 6
347 701 9
313 581 5
13 134 5
10 729 3
1 242 3
297 358 3
197 788 4
515 651 10
3 11 6
1 582 10
1 512 8
390 989 9
211 817 2
41 699 4
11 891 9
335 438 4
773 936 10
49 391 2
15 867 5
337 379 4
4 26 8
13 638 7
518 884 2
356 441 5
323 928 2
8 55 4
1 6 10
3 25 8
11 704 2
16 148 7
693 721 6
564 890 9
161 380 2
2 487 3
403 982 7
217 421 8
222 771 4
3 214 6
44 919 9
304 408 5
8 456 9
778 783 7
533 735 7
2 24 9
31 64 9
16 559 4
219 535 10
294 978 8
473 632 7
1 31 2
223 478 5
40 349 4
436 500 5
477 773 10
1 4 10
2 139 9
2 157 10
2 5 7
358 773 6
3 718 3
46 149 6
7 70 3
2 624 9
1 729 3
35 860 4
3 33 9
437 618 9
819 995 3
13 191 9
3 227 9
190 401 10
123 976 8
1 4 10
1 14 6
26 147 7
91 275 8
716 827 9
205 919 9
582 820 6
15 24 4
898 901 3
241 259 4
639 780 2
667 995 2
6 63 6
801 980 6
1 6 3
2 5 5
95 684 6
312 459 3
11 876 8
17 103 2
176 210 9
810 902 2
507 514 8
256 469 7
90 354 6
27 570 7
14 822 7
1 59 10
226 709 9
115 844 10
8 17 10
39 75 3
6 50 9
3 386 8
78 780 10
18 870 5
24 72 9
313 693 4
52 541 5
59 895 5
538 863 7
340 471 4
2 4 9
13 310 7
2 398 2
16 20 7
3 92 8
389 464 2
329 642 9
2 243 5
110 990 9
281 797 6
14 53 4
521 878 8
26 109 3
31 64 3
23 77 10
356 401 3
5 288 6
3 686 7
382 984 10
3 769 2
68 673 10
473 638 8
69 573 7
4 972 3
22 352 4
27 706 8
2 832 4
132 247 5
2 3 3
697 874 10
13 571 2
6 14 6
4 184 2
623 634 9
137 170 6
11 375 6
180 627 8
3 60 4
2 55 3
22 265 7
12 22 7
5 853 8
58 892 7
11 704 8
18 768 5
265 965 4
1 47 6
107 742 7
1 197 9
168 220 2
3 33 5
654 782 7
177 415 8
243 725 10
846 877 3
5 140 6
132 655 5
1 6 2
1 513 2
462 726 5
2 226 7
2 176 7
2 95 8
573 766 8
712 960 7
735 783 3
1 1000 10
11 718 5
2 162 3
3 7 2
5 406 3
236 343 4
4 167 10
345 559 8
334 971 8
7 11 4
1 12 8
484 590 3
45 889 10
43 451 7
3 26 9
55 967 7
2 11 8
1 4 8
477 655 8
153 681 2
2 196 2
2 17 4
253 639 7
105 803 7
186 671 2
15 25 4
23 265 7
3 228 5
79 941 10
21 901 10
379 758 2
163 195 8
383 883 4
93 120 8
549 653 8
118 909 9
196 893 10
11 539 7
280 637 10
349 541 5
1 991 3
58 797 4
539 869 3
765 912 9
220 559 9
278 444 6
195 601 10
118 365 4
7 731 4
237 868 4
650 849 4
79 560 7
120 636 7
470 622 5
164 495 3
141 434 10
344 948 8
387 658 3
169 914 10
8 216 3
40 305 7
99 208 4
1 511 8
182 217 5
2 511 4
3 829 3
54 778 7
307 363 7
82 308 5
2 969 8
66 487 5
4 62 8
16 356 5
289 893 7
27 62 2
1 343 7
115 502 5
582 939 4
564 576 6
1 343 7
8 448 2
58 940 10
54 334 7
31 368 6
6 20 9
66 712 5
5 38 10
821 875 7
285 633 7
5 8 4
75 245 9
560 954 10
2 275 3
2 322 7
124 463 5
509 846 10
6 12 8
1 155 4
78 165 8
6 405 9
2 39 9
22 314 2
177 791 2
27 44 2
51 800 2
771 849 8
84 126 9
6 94 2
1 37 5
62 623 10
10 1000 10
1 35 6
313 780 4
1 36 3
2 713 2
119 342 6
1 512 4
406 715 3
50 295 6
415 669 6
1 40 5
5 37 10
5 11 4
2 3 10
44 206 9
715 837 6
2 8 10
664 969 10
205 386 2
798 935 10
7 65 9
109 176 10
428 643 10
421 473 2
36 220 6
55 934 4
75 275 4
8 512 4
169 863 6
135 599 10
2 511 2
23 129 2
39 227 8
45 60 6
13 57 5
184 512 4
52 576 8
2 4 4
12 125 10
2 19 7
40 294 5
4 34 9
361 446 4
12 134 7
214 418 7
5 18 2
365 640 9
46 362 3
207 696 4
2 125 5
181 380 6
539 575 10
365 527 9
374 415 6
3 791 5
52 550 4
6 9 10
801 937 3
15 647 4
396 717 10
26 28 9
103 125 3
11 770 10
156 792 10
149 786 10
208 739 2
32 347 3
852 879 8
498 847 6
320 641 2
4 44 6
64 326 8
84 239 6
46 352 2
2 85 10
65 586 4
2 4 4
691 816 8
50 564 3
103 805 4
96 457 3
12 916 7
70 260 9
1 729 9
115 219 6
90 310 3
14 16 3
240 486 7
5 15 9
34 272 8
3 7 3
2 12 4
128 333 9
208 986 2
210 323 8
201 803 4
19 304 2
1 1000 10
8 453 8
2 17 8
1 64 4
149 851 8
172 982 7
485 750 4
283 784 4
710 732 4
3 22 5
2 3 5
41 371 3
191 586 8
2 993 2
498 562 3
55 110 4
1 8 7
468 555 2
2 117 7
177 758 8
160 787 5
10 88 6
4 37 4
7 19 3
356 578 2
301 318 5
636 669 5
3 7 8
