1000
50 700 2
19 57 3
1 1000 2
24 97 2
161053070 222202698 8
37943606 151774425 4
262284841 807132861 10
378450 775063552 2
54030 885243904 2
11494 1850371 6
134076 549175295 4
605569505 717696755 5
195122 609756249 5
7059 1267713 4
817663042 846827915 10
237557896 787566368 8
42 276685020 5
285165814 795727024 3
1 677663649 10
11519 1954529 10
53064 869400577 4
2670361 224969835 7
6509488 813686000 5
4750 280482750 3
3970 205680531 2
50174 227580303 10
728432070 737418961 10
619901664 709747190 5
370678223 514957462 9
370750393 373429703 5
17 426 5
114 239075328 2
4 30867131 8
756909 15035508 7
69869160 902825081 7
4400233 10389413 7
290898780 414910211 4
294334869 798462466 8
17281859 138254873 2
335857 22821668 6
126 6596269 4
2 6400088 8
73 426595274 7
742800 852677 8
214153613 785575200 6
193033014 812510742 8
196 1619452 9
27065377 676634450 5
11 8620129 4
186683928 383109108 7
9932 21852710 7
628341630 941510044 9
13733 640680192 6
317284373 860673737 5
26365 172987326 9
211035211 683972917 10
2219205 568116224 2
553057963 842407153 9
1 387420489 9
408746615 810105769 7
2171615 527702446 3
759299 777522175 2
120 503316480 2
331393742 556402896 6
2992 530023825 3
697 32565888 6
114 657187314 7
337248110 880353352 9
151215765 779275804 10
260990645 953876481 7
393574944 760497244 10
324825828 697041776 4
56615121 170169227 7
1 20132855 10
155176 1509252 10
195833116 355209378 3
529196598 560763330 6
1348 612083 7
831696 425827840 8
2107 30189235 6
33381 78617125 3
10 3003 5
25 3073 8
2867 454444136 8
191617 155578262 5
85253421 817072551 8
594136266 854593648 9
8 20 10
512968255 948642363 9
193433752 471319220 9
6 645700815 3
5 499999999 10
521631589 558613260 10
42735597 85471193 2
1 17 8
304055333 708742187 8
599 26162932 9
233129367 674822153 4
2 805306368 2
1951069 17252819 2
1 244140625 5
15599514 998368897 4
3 11 5
140261152 225584835 2
1558 408158208 8
152460132 748444982 2
1659791 814210801 3
2965 777519104 2
3894358 996955649 4
6 600000000 10
22998 1548521 9
545944 545945000 10
39 335544320 2
392416962 496738171 5
171038440 653844347 8
262338002 787014006 3
19071274 76285095 2
122122 500207616 2
325753734 595505636 6
194354 607356251 5
3250 324999999 10
78532 171749485 3
149399905 798336643 9
248708417 440192166 7
841 98825160 7
180714837 722859344 4
2472 648019969 4
550 189750 3
94 449599086 3
59752 30593536 8
99 163 10
4 536870913 2
224827205 363891965 9
2 915 3
5 139 8
108048932 534384354 5
140 669615661 3
59 2908168 10
470506628 544493544 8
341185814 488009141 6
168 241 5
359699434 941855753 10
7 877 4
25364698 699810087 8
44019 5066852 7
5 335544319 2
28 158 7
30496494 121661504 8
73690 161160030 3
3294 2338083 5
106805038 996972269 10
239493416 668749261 10
846758 529223750 5
169466827 789372572 8
49816614 85459391 6
35 69953 7
178896 82566735 7
644341635 918020177 5
632637414 937281776 10
61127254 455890691 7
1 536870912 2
10 84 9
18 731794257 3
261651027 304398385 8
12990 920001625 5
67673275 676732751 10
3836110 828599761 6
13 516560652 9
5010 75214 9
8838 579272704 2
343 669921875 5
488795307 770566207 2
67 708 7
1 1000000000 10
13 2717436 3
720 127368693 3
207 868220929 4
325951155 445311521 4
3 9 7
681586723 967964744 7
498104176 797409988 7
3 201326592 4
69462 455740181 3
219377148 551654815 5
191035076 988522697 4
121879894 161867077 6
2266927 26311551 10
1114 41689 3
153428726 460286175 3
31 520093697 4
504585299 592032604 3
809 20324258 7
274820014 311884355 9
75794 35184351 5
184 771751937 2
1466 24639063 7
16103 3881965 10
326475162 928976959 10
1 563 6
71 5105870 10
6769 443547648 4
96332337 963323369 10
418273482 891611053 3
4101084 885834143 6
229048380 921698850 6
51 101562500 5
23 17998 9
8464 554696704 2
26 419430400 4
11 671088640 4
51757619 646048598 10
94120055 847080495 3
19852829 497721178 6
737487079 768354011 8
5650499 972742256 9
190029507 197516018 7
222745864 904627961 6
524335760 866381772 10
464 779341824 6
710108194 982297642 8
580285102 839252372 4
392 624974615 3
135991 176244337 6
264117911 465159859 9
446907523 805701521 4
336968534 969767500 8
760762946 957750739 10
14733 598881 6
525204888 944511467 7
149172143 300296494 6
871791732 982334019 6
637837671 726354730 7
7 939524096 2
3 805306368 4
8 5152 10
753 3061 2
2 6 6
419793549 999059916 4
253824032 354084906 3
63 528482304 2
667764935 828761535 7
248437474 623143608 8
4 805306368 4
3267 856424448 4
1 67108864 2
53868670 73499198 8
1 3167966 4
563713 563712999 10
488385262 804269494 7
79430717 731274088 7
964428826 987632877 7
456215 4676176 4
2 9 7
206791307 310762482 3
8179920 15134081 4
796903570 983429904 10
49 822083585 8
132101 8075264 7
24296 404557 9
1241 7304 10
852910 621771390 9
73 353939706 9
151573890 217103363 10
378437221 568359084 7
327733879 835753424 5
2 7 10
409717802 908938261 8
64069 13954212 5
1559 12142 6
389920831 860078162 3
2 774840978 3
479888166 770805878 10
265693441 781650922 9
5 12247717 5
210 880803839 2
11651055 898758719 7
13700054 369901458 3
11442 210386794 3
43 65077812 5
146121154 532810599 10
85 4221062 5
78800 5461327 9
7 117440512 4
19097485 477437100 5
12696 10912484 5
811293949 922772885 2
10061 44406183 6
10686 834843750 5
38 10223616 8
15099875 23307776 6
6874 192970994 4
30 40639706 4
588670394 835988032 3
31955274 319552740 10
3162250 5795423 3
663399201 891103208 4
51371 355814753 5
316 37294733 7
14 524596891 7
1 17 8
207169350 598379327 6
234666395 771178210 5
9103240 45516200 5
83 85983232 4
64021509 194314466 3
4 749696 5
279194111 469403848 8
209144043 908090109 5
447 873046874 5
68503429 713593506 8
510293093 646652541 10
1721232 220317568 2
7868944 101448651 3
176513781 711249760 4
12 25 5
550368721 850132867 6
325563392 631973630 10
405624619 740334650 10
285953788 765800331 4
251 19440202 6
1 1000000000 10
2 29 9
14 20241 4
345849547 465389022 9
7 718170670 10
469081190 758686276 5
13 276215886 5
225319174 612664651 7
175901116 414219777 5
177 142919 3
19088 890569728 6
252816379 714286722 3
503686560 515966869 10
15 62 5
730062801 895262198 9
969170 332425309 7
19 817887699 3
84 820312500 5
13 98207 10
9062470 356653315 10
4978 1920314 5
4947 324206591 2
2 262443749 6
699296939 738686913 7
115376885 578172525 3
4258 54706 5
126239 7402781 9
21 414361 10
86031447 688251576 2
57 69844 5
1266 354398976 6
155322409 488306956 2
230 8569377 5
312233647 738919713 7
600055318 981298463 4
2940 1310335 6
683730410 902161898 7
768841928 823221475 8
49 828970 10
17330171 849178428 7
2 774840977 9
29288 959741952 2
454 952107007 2
180805 546359 5
60 166648114 9
698 731906048 4
1589 9052 4
179639442 312472153 8
91155387 729243096 8
511247341 789447474 6
21393 7514442 8
217544 679825000 5
1516 3087287 4
181698 360577 3
398705679 502667704 4
306842816 844138084 9
596 490831628 7
69231009 401156456 5
410509814 999461819 9
9010 27653 8
23733022 535781440 4
77 127650816 6
2 129140163 3
513455801 679301525 7
313167293 320777124 4
3 1743773 6
843244 431740416 2
91860 376258560 8
474642 143182684 8
7 903981142 3
11 962 8
310155259 369810456 7
75 2294 9
178794 183085056 2
14460 4095391 8
568260944 815910280 5
6811529 551733768 3
71173765 426035008 2
11572 20525631 3
954782 596738751 5
554 407237 7
607260313 907600945 3
3695 5526 5
70131559 561052464 8
4 847425747 7
574 964099585 6
302752017 478513952 3
7724 908720876 7
1 706960 3
109910300 263825942 6
558368 407050273 3
179 746586112 4
1955 764062500 5
174878361 385992669 6
299 1384122 7
63374253 384399483 9
2 3378589 7
637215122 841718349 4
20060 164339712 2
97199793 898893135 8
257841 15300167 7
32 459165023 3
7957 581249528 3
217612576 878556393 10
6131 19909494 3
70 683593751 5
516172931 573511194 8
4142 25557583 9
70444 577077247 2
18 103935 8
146011716 708461761 10
553504334 772018064 8
509902221 952574882 4
289522 82033427 8
21848760 647411641 6
1 21030279 4
1241 484765625 5
2784280 14503242 9
476876663 963196992 8
710464571 825734024 10
474493277 724255893 4
629339564 886699527 6
322369838 584141258 5
1 387420489 9
587318117 830036024 5
31590044 496257368 2
225250815 647786923 9
3297381 324583487 7
579 102568113 3
4304883 253580319 4
1180 627100379 9
4448 138860650 3
188 196083712 2
47844959 812486322 3
1665 436207616 4
139567616 443352864 5
19047912 536563267 3
50 4223673 8
299265 85186779 10
15 4147 9
2 725594113 6
221384173 996183788 8
70085 700840000 10
146125103 988320573 9
8 483729408 6
14611 478773248 8
1365 211647740 10
30483612 687243508 6
13128 430145536 8
160046524 461364162 10
103653 6907058 6
6358495 406943680 2
53 507812500 5
868745 297979535 7
49214 47121971 3
130198 854229077 9
314291523 814190090 5
8827 2598273 2
74743026 448458162 6
504680795 999590352 9
115543428 220175541 2
154915 39658496 2
104579363 522896810 5
10187410 825180210 9
11 12 9
1394527 178499456 2
150 162798 2
730984506 832655568 7
126968688 207203471 4
151955434 620403550 9
420018356 426149545 8
2421028 588309803 3
1 268435456 2
72 153092096 2
8 344373769 9
35187 576503808 4
252768536 505537073 2
13285 6282071 9
5836 344609963 3
14 1054 7
5 1258 5
12506510 166729106 6
55046013 880736192 2
371381625 584069444 5
799 11328 8
2325 118409 3
308732 400115376 6
126950022 943253010 4
1 41786289 10
16491299 263860784 2
10 671088641 2
1 536870913 2
577151582 765196379 6
34201 61593561 4
6 174799671 10
105001793 238299600 6
924874 674233146 3
12 484243284 7
358062601 927509679 8
480 10487 9
20891976 759835925 8
74975502 295040047 9
52157869 469420830 3
327580552 894137594 10
1974070 46715168 9
224787744 673331793 5
12478 37697073 2
1 305175 3
124 243047923 10
367774470 411773899 9
31919093 163555023 7
1455573 235208836 3
350 178166524 6
474022887 723876318 7
450688030 590637779 6
10656 629226145 9
2050 379008860 10
3830 502136832 2
2 12249 9
709552445 816589061 3
23921592 765490944 2
5919424 147985600 5
373640418 476734753 10
564232792 800642690 6
2 52666 4
68829354 664537653 9
3 12089435 7
86 253939457 4
38 637534207 2
94297357 980792101 5
140 54687499 5
47175585 65981767 9
20896 19690588 7
75 755827199 6
59677 488873984 2
66 669197702 6
16478 391160 6
1021534 744697557 3
59 989855744 8
45772 20369852 6
6 2431623 9
221610304 498489166 9
4 165881392 5
430393551 518857926 10
94570 33858023 9
1 1148492 4
390897 400278528 4
1407068 879417499 5
281271553 970757069 5
81557146 299855959 3
4 1050530 10
2 76 2
318 2314788 7
10703 701497344 4
791930136 946153234 4
68009990 136019980 2
520245402 767908806 9
2879 805935743 6
3 201326592 2
816330 417961472 2
4609 72015625 5
825751775 869702557 5
675204696 859442821 3
205528751 449562542 10
595 14246 8
368089898 835969877 8
481464065 730811123 4
80209201 758176121 6
51499 843759616 2
2260 2967 8
2529131 366912712 6
72608 72608000 10
873 915406849 2
98726 2091339 7
1620104 131228505 3
135599651 813597900 6
62285874 996573983 4
320953535 759676847 3
1053 559607374 9
4 976562499 5
164634623 991180364 9
545902477 701793956 6
800 424621359 3
300469343 920848845 2
49038452 175645350 2
3212 760899 4
1094 341575475 7
391126377 937957635 5
544282 30802635 7
1481 3758498 8
57690 945192959 2
547071 560200705 4
172294414 833938640 3
16 80760 6
5696676 364587328 8
95227 390049792 2
24 805306368 2
162216913 486877809 5
38302347 268116430 7
7940 1191268 7
372774934 573225453 8
851249 871677952 4
322160108 550759597 8
7 35930 10
1245321 3161980 3
339148 3835537 9
105616251 881435344 9
23 771751935 2
156630 641552384 8
6468 381928932 9
2 134217728 2
3 402653184 8
4550024 291201536 4
101328 73868113 9
1164 21595652 7
178702422 460002637 4
101899300 860352019 3
312372183 816724996 7
593295095 668377760 9
549732 188558077 7
3380 518603179 6
72301861 506113027 7
567232954 649786931 7
225123 922103809 8
7644719 764471900 10
107 511777683 9
233843449 525114782 7
224019722 270651285 5
20027 336593788 7
1403550 841248663 10
412 861929472 8
3444 23067649 4
2 823708 7
87235905 950496328 5
115 1621 6
270512 649496911 7
15 117440512 2
34454729 618853602 5
374461665 916804710 6
29 416118304 3
2 22 10
9420 61811181 3
32056 257967 4
260635667 528899834 10
1016 3421 7
59974588 239898352 4
100 1000000000 10
41 420000000 10
4446978 960547248 6
175059631 519094360 4
8 344373768 9
273 1042 4
22483 442532889 3
132103191 748761951 7
374 17646137 9
7 700000001 10
214586512 329855118 9
2411015 38576240 4
14639557 346315761 5
2950063 188804031 2
210543 862384129 2
12823 219875326 8
105423843 312910135 6
574201 146995455 4
123525223 617626120 5
13 218103809 2
1914719 905312153 7
12 110000000 10
91 5493 9
50 253876 5
175830179 798731796 5
420 223205221 3
106244 54396928 8
1 832102322 6
140 801307339 7
1 698200 3
1143 114300000 10
8652165 865216499 10
3 536870912 2
21 3066748 7
1627 8966178 6
1173758 77827818 10
59710731 417975110 7
70 146800641 8
147 33205 10
46146789 921803904 3
140220204 775339930 4
2887 378404864 2
154576110 839783406 8
362797029 955525976 9
10172 666632192 4
21540 352911359 4
30951 74313352 7
5221 102764944 3
3 401 9
5 1021278 8
7773413 971676626 5
25527 167482647 3
1146 150077440 2
185221834 714685548 4
8532379 691122699 3
246 515899392 8
2 725594112 6
3389 264687500 5
69 228 9
456722 998848827 3
145617 955393137 9
5552527 355361728 8
3279440 52471041 2
414130585 650034915 5
2642628 71350957 3
122 12835967 4
31491 79054982 6
1 387420490 3
8333839 440958827 3
7 341796876 5
204 43956737 8
8 36 8
259235661 777347726 8
16481 540082176 8
6 42723 10
8 666331 7
15432976 555587135 6
2 774840977 3
853994 54655617 2
200186999 409475213 8
36939649 221637894 6
53283 532830000 10
213235732 921843713 10
606187 785618352 6
27 124357194 3
3 86092863 8
11380 889140625 5
267622562 704554690 3
79268905 219598151 6
9489 17506 9
109 24584 7
636388677 681128210 5
18 5151 6
1 2646170 6
40657 683322199 7
19 50165 9
3 782 7
111 2570487 8
31839 183365 9
22 319 7
478008871 843389641 10
550024652 753608228 3
774 774000000 10
59 247463936 4
528511572 909747162 5
125588 301536788 7
557081960 877595687 6
1993 2565 4
5 401689196 8
539681854 696424633 4
2767 725352447 2
183461687 550385064 3
5 372 6
21 55 9
28574 222191425 6
579919533 659800814 9
636264609 778187935 8
20273965 571299366 10
31 322486272 6
303153 310429696 2
52 746143164 3
1467 719829548 9
280604710 672358083 6
86561670 928505994 4
103762735 283030402 6
28513646 130367608 10
589684239 821683620 10
698261733 903450801 4
764975 765552603 10
1800 398876739 6
7 903981141 3
160292963 501503580 9
258340637 749992573 6
2 2443203 5
1325 175783690 5
6 15 4
837723126 989721998 8
185304 379502593 2
180 51512 10
19615648 627700704 2
6 362797057 6
358534542 900137446 3
114741272 908268691 8
855 454382055 9
1 17 5
653 140318 10
62022085 189826857 10
10 172612 9
2 268435457 8
392 643 8
610820099 937625439 8
11 1454505 7
30 3239 3
615287643 694400848 9
7807041 679406547 5
3652 57046875 5
259579289 284672384 3
2 20 8
7126374 712637401 10
629005876 829576429 8
209 1409 10
623 25612 7
33978401 305805600 9
513821625 962858702 3
789 828375040 4
2 362797056 6
482572724 693508078 8
20 976562500 5
4 67639 9
390 128193267 8
25585 52398080 2
4 402653184 8
167858 128161634 10
245959113 983836456 2
1283 672137216 2
538291686 986812305 7
135 4115920 10
3770 197715801 7
2491 249100001 10
1 134217728 4
46471 14775491 5
247609417 516862603 6
1105866 806176313 9
204144903 719719815 8
858717156 901164687 3
128285366 617564053 7
200 3405105 10
485818708 615878618 9
1225506 297797958 3
15309 153100000 10
559639802 722068202 4
97 119 9
18266 30603 4
305556043 905948592 7
3578281 447285124 5
62355420 507201220 4
23242854 209185685 3
548004853 939321027 9
3798948 243132608 8
2616 685768704 2
9 1152274 8
1 277 4
441196166 868844402 10
816817179 995312065 7
18813969 921884481 7
3 33554432 8
4 976562501 5
145 688747536 9
262 263000000 10
730 383254528 2
660627475 818125252 7
22920085 825123060 6
6 253 10
873 21247 10
16091 527269888 2
14340141 176565020 7
92965 722895839 6
376064 3384577 9
31875335 523486284 4
287526623 818629403 6
488894508 618723340 9
41806269 320397156 5
234 70868908 4
1128 4620288 4
681164644 999380473 10
81 129231 6
694 194275585 6
5330 104890707 3
435609383 801067576 4
588 312487308 3
21553612 689715616 2
1905 76569973 7
12454398 610265501 7
543164343 816561646 4
9 483729408 6
19 318767104 2
3 5 10
4 32 9
81694009 735246081 9
125449903 409394968 6
888071936 970919308 6
3958 24304509 6
22 44628531 10
195787934 201587775 2
612 975725676 3
182430560 673707861 2
9 2565 7
564 38484844 4
6 102 8
74244 4820644 6
20 847425747 7
1329 348389376 8
2358252 301856384 2
70173136 551497190 6
150037 22063793 6
5716218 205783849 6
285 298844160 2
2613297 211677058 9
8 1850115 3
54 652620226 8
28927296 570898134 9
9 390625000 5
717 375914496 2
2994 176851755 3
1499 3441 9
2 536870912 2
59 1330962 9
6808487 54467895 2
275273382 419670802 6
671425692 785579977 4
697209442 829281281 9
506163834 635046326 6
34 342641664 6
271 270999999 10
169 251746 8
5469 190254 5
8842 289701888 2
2 564950498 7
435428891 650098901 2
1 199 8
349159393 846454809 8
1 3 3
1358 71730496 5
446711255 857201190 6
180175 738000896 4
49819907 398559264 8
563889290 994016577 9
462431035 820013937 3
385509665 474747773 7
299773889 619295498 5
271452282 689053395 4
553967 18444779 8
127781310 605927842 6
311 255298330 7
9621 38114893 5
102 123143470 6
532395737 888362343 8
240609504 473217192 9
52402755 411622122 10
3 805306369 4
3 292 6
6 309 7
186658634 442113493 4
664107 170011392 2
2 81866273 5
906228 463988736 2
749 616833708 7
83336658 333346632 2
2114309 17340260 5
550918317 936275439 4
9200 543191751 9
52928796 413163025 7
162028 41479168 4
28491681 769275386 3
4050 7497 3
40485664 647770640 4
1808 808308950 3
7821073 500548671 4
402853369 788318760 4
678047 125140570 8
186 566117 5
124123234 976092525 8
312 497428777 3
281 52378 8
202754110 329483320 10
78 21719291 9
2 1000000000 10
125677966 414494225 4
11292999 914732838 9
80775197 86219410 9
1 282475249 7
38194 296996544 6
41109 642328126 5
704797086 850245706 9
