100
10
24 10 39 98
15 41 38 96
48 6 79 41
33 74 61 90
13 72 47 92
4 31 17 72
58 2 64 97
16 4 24 99
50 11 84 42
65 14 95 16
8
18 4 21 7
9 13 12 16
12 4 15 7
15 13 18 16
12 10 15 13
18 10 21 13
15 7 18 10
9 7 12 10
10
69 60 91 91
10 32 29 40
51 12 89 48
44 79 70 79
47 35 63 99
8 61 47 85
13 16 50 47
66 13 85 29
18 14 27 38
5 60 30 83
10
10 11 20 73
61 48 79 99
51 4 64 94
60 3 62 98
75 19 82 26
61 32 97 49
59 27 93 62
44 2 52 97
15 4 32 91
80 6 95 97
10
46 38 55 81
37 2 44 64
57 20 77 87
67 17 83 85
40 41 72 51
4 11 36 50
42 38 64 47
9 37 44 71
66 33 90 77
73 49 78 53
10
1 45 1 85
23 18 49 73
1 78 25 88
51 45 72 98
35 4 39 99
55 7 77 23
68 2 68 97
4 92 19 96
20 18 49 69
83 2 85 97
10
12 18 45 56
46 5 66 5
69 26 92 36
51 33 82 53
15 8 36 67
20 22 55 25
90 55 98 98
12 4 17 99
10 18 18 92
18 3 28 98
1
1 100 100 100
10
24 27 61 53
52 56 87 62
11 4 21 99
65 38 97 71
64 2 76 97
59 52 91 59
47 62 80 92
39 21 49 83
75 9 83 58
35 19 59 31
10
43 2 80 33
61 2 65 97
70 11 77 16
73 38 95 47
65 55 87 81
45 27 66 41
5 57 18 98
34 73 68 98
51 70 61 72
26 60 61 68
10
75 3 86 95
55 79 76 84
17 21 35 62
61 31 64 37
40 2 57 61
51 71 75 88
10 16 47 35
48 48 82 85
32 37 66 66
49 18 64 27
10
12 13 27 84
39 6 76 45
59 5 75 76
19 74 43 82
58 16 95 44
36 34 72 57
50 44 81 59
94 7 98 62
7 3 14 98
4 3 4 98
10
51 21 84 61
49 83 57 99
23 23 54 50
65 30 83 88
75 19 93 75
2 5 32 49
43 30 58 58
54 4 54 99
90 21 98 68
25 10 50 61
10
2 4 19 79
32 3 37 98
47 1 66 46
72 9 95 69
18 61 38 83
74 60 99 71
32 51 52 59
40 24 76 50
57 2 58 97
72 16 97 35
10
65 3 70 98
13 78 33 85
38 70 48 79
27 48 59 82
27 18 51 73
37 78 73 88
53 3 54 98
60 2 72 97
26 6 43 80
50 18 70 66
10
4 30 9 30
19 10 19 15
4 25 9 25
4 10 9 10
14 10 14 15
24 10 24 15
4 15 9 15
4 10 4 15
4 20 9 20
9 10 9 15
10
41 45 70 47
55 16 85 24
48 17 65 72
49 13 80 19
56 49 74 62
64 2 96 34
23 12 45 72
48 53 84 88
79 5 89 83
61 28 94 48
10
60 16 67 71
5 56 36 94
59 24 92 70
72 4 74 99
58 13 96 36
45 77 80 79
10 33 25 55
49 90 69 92
33 55 62 91
90 3 91 98
10
64 7 79 90
47 28 83 51
38 4 46 99
38 19 73 60
49 15 78 38
26 61 62 94
46 4 49 99
32 11 44 98
69 23 97 47
12 74 37 93
10
18 56 52 57
36 17 59 43
98 1 98 96
29 51 59 57
73 30 96 51
63 24 96 27
20 42 54 77
39 4 40 99
57 4 59 99
18 1 46 39
10
20 6 34 91
29 17 50 85
31 16 58 16
36 49 64 78
20 17 56 46
2 13 41 31
53 6 90 32
18 23 44 53
12 10 23 70
44 2 45 97
10
72 9 95 25
5 60 30 83
55 5 76 63
67 15 84 36
72 20 88 80
51 45 78 46
32 2 44 70
54 79 90 96
24 10 34 76
5 2 16 89
10
38 24 71 34
47 10 66 48
69 52 82 97
70 13 86 37
30 30 54 70
71 3 75 98
81 27 98 36
50 3 76 53
16 28 39 78
16 49 49 83
10
44 17 63 85
51 12 58 78
28 21 55 48
38 39 48 85
23 11 36 62
48 82 70 95
11 53 43 86
68 50 97 69
6 3 33 50
46 60 55 89
10
42 45 57 98
56 14 81 42
78 64 94 71
6 45 32 61
50 3 64 94
55 66 87 73
48 62 67 84
20 37 31 88
30 48 68 62
80 1 88 96
10
9 51 45 84
86 10 92 88
88 1 92 96
40 13 52 32
46 14 53 47
92 2 96 97
70 34 93 93
72 11 84 89
49 1 49 96
2 30 30 33
10
61 22 99 55
20 1 29 96
24 69 49 93
38 1 46 96
43 93 77 99
23 31 61 40
7 85 45 99
37 16 69 62
51 21 90 35
80 22 99 53
10
55 5 64 95
19 29 47 64
29 6 34 72
30 65 68 93
1 40 39 44
60 26 99 46
31 20 63 52
18 13 34 83
20 18 52 36
2 4 9 99
10
8 29 42 51
92 4 93 99
30 15 59 56
42 34 80 74
56 90 82 98
75 1 76 96
23 79 49 90
60 41 67 89
87 37 88 83
5 34 38 51
10
67 21 80 60
56 14 66 61
80 42 91 91
50 59 75 63
44 36 80 67
85 32 97 99
51 4 51 99
64 51 99 67
24 75 54 92
28 26 38 44
10
65 64 82 79
65 24 97 50
72 51 91 79
76 32 93 70
29 11 56 38
24 1 36 96
27 23 35 91
7 3 7 98
27 85 65 92
53 31 76 86
10
69 38 87 55
11 4 18 99
15 35 44 49
22 29 32 97
55 30 92 56
72 15 86 94
69 40 85 72
64 88 94 95
39 25 56 70
41 7 41 37
10
13 12 52 24
72 2 77 97
40 34 73 77
44 10 82 18
64 25 72 86
43 88 76 92
78 7 90 82
20 9 23 97
57 53 75 67
10 2 16 97
10
13 63 46 80
13 24 37 58
74 3 74 98
22 3 34 98
18 10 32 80
57 7 75 80
39 62 76 72
9 10 32 63
51 27 81 49
30 46 56 80
10
29 41 44 55
29 3 64 45
13 50 26 51
58 49 94 87
34 32 65 75
54 1 58 96
67 1 71 96
19 4 24 99
82 58 84 72
17 25 53 61
10
47 47 82 57
76 10 88 94
59 30 87 52
32 2 38 36
40 27 47 86
81 3 87 98
16 2 16 97
76 17 86 51
67 19 79 96
57 46 86 97
10
22 6 38 95
51 15 84 50
53 21 82 23
80 61 97 78
39 21 55 63
63 54 98 67
38 17 66 18
39 22 77 49
8 6 13 99
13 65 41 73
10
68 16 93 63
8 20 46 36
73 66 96 73
67 39 97 60
74 50 95 86
30 25 59 66
74 46 99 91
37 42 60 78
66 2 92 9
74 64 88 90
10
28 46 43 59
50 11 65 59
41 4 44 99
66 52 90 91
55 20 68 22
56 10 82 29
57 26 78 32
56 20 62 53
44 49 79 69
3 41 41 53
10
7 7 11 18
83 22 96 73
28 33 67 67
76 3 83 98
50 2 54 97
17 39 27 58
50 63 80 96
36 36 75 38
10 54 44 56
37 19 70 61
10
86 2 99 39
11 20 46 37
23 29 44 83
7 21 44 47
54 1 66 88
46 22 73 24
84 2 89 97
23 21 61 55
7 5 39 13
9 86 31 90
10
18 40 32 99
59 29 86 62
27 6 50 24
10 3 17 98
33 2 38 97
56 1 66 96
5 2 9 97
22 37 38 82
37 55 49 97
77 2 85 96
10
60 14 83 78
80 18 99 84
44 6 56 77
38 4 45 99
51 56 87 70
25 10 46 14
47 51 56 90
59 4 64 90
31 9 58 11
20 2 23 97
10
46 32 64 51
30 71 30 75
83 2 84 97
84 2 88 97
9 6 37 8
15 1 19 96
5 1 34 34
47 1 49 96
19 53 48 93
2 31 39 39
10
52 1 52 96
83 4 90 99
35 19 64 51
70 97 99 97
60 5 72 16
52 23 70 85
30 61 66 66
70 6 84 88
59 58 69 92
59 80 89 80
10
3 9 29 26
55 39 81 56
19 47 48 93
1 5 35 34
14 49 32 70
9 72 48 82
39 36 50 98
26 24 65 53
12 52 30 94
17 14 46 48
10
63 12 73 59
78 46 90 93
25 20 53 25
28 7 39 9
37 69 71 73
6 34 33 62
12 2 12 97
18 4 35 52
68 1 69 96
33 18 53 35
10
65 16 92 63
41 63 57 82
24 11 56 27
38 20 64 72
42 2 48 97
66 17 84 59
27 26 57 72
13 23 39 45
69 1 74 93
1 57 39 74
10
43 45 74 73
27 11 49 79
53 15 72 49
47 2 54 97
23 45 35 97
35 47 44 62
12 22 27 37
43 70 64 75
58 32 86 82
25 33 52 64
10
79 20 97 74
1 8 19 79
50 36 66 54
49 52 69 95
49 72 83 98
3 34 18 81
19 32 31 91
41 26 69 65
6 61 31 66
57 61 85 96
10
22 1 24 96
60 10 67 58
48 15 86 40
8 54 37 61
28 38 50 63
47 70 60 75
51 2 57 85
30 41 39 48
9 12 40 56
38 46 76 86
10
24 33 61 59
69 3 88 79
16 28 37 82
66 11 70 87
30 6 69 12
17 3 23 98
29 54 46 96
63 30 97 43
19 1 25 96
48 6 54 93
10
16 13 35 90
30 8 46 50
59 9 88 29
58 52 73 79
62 3 67 98
2 36 14 79
14 77 49 99
24 30 30 98
3 70 12 90
54 21 77 78
10
50 54 73 95
3 56 32 56
22 4 27 99
37 48 70 85
26 20 56 34
12 9 31 30
35 43 69 45
82 53 95 76
69 53 90 89
32 34 69 71
10
81 2 83 97
23 44 58 78
63 1 63 96
17 1 51 26
62 45 63 80
35 74 69 92
37 3 43 98
81 3 93 98
1 51 29 76
67 26 83 49
10
24 11 40 87
54 55 75 99
79 3 79 98
21 66 51 72
2 70 35 94
17 34 52 38
21 24 48 54
75 48 99 87
46 16 64 96
70 29 99 72
10
78 15 83 55
59 61 94 61
50 44 81 70
76 1 94 68
96 8 97 98
42 7 64 42
8 36 44 74
29 11 35 97
42 21 57 81
64 40 95 58
10
55 30 72 30
9 63 26 63
61 1 61 18
63 23 63 40
86 46 86 63
47 67 47 84
48 11 65 11
36 76 53 76
23 53 23 70
74 56 91 56
10
41 16 60 92
68 1 69 96
8 9 38 24
19 19 25 58
43 55 75 91
8 3 9 98
36 5 39 84
6 84 33 93
37 56 74 89
61 30 84 86
10
4 34 43 35
63 41 97 54
21 32 36 88
57 28 84 66
15 39 44 55
35 38 60 91
10 19 40 61
54 35 81 67
31 39 70 66
4 4 4 99
10
30 24 58 38
37 19 64 57
42 38 50 63
57 50 86 93
3 36 13 71
3 3 4 98
27 56 58 83
3 2 5 97
55 80 90 83
29 43 39 86
10
40 45 60 96
30 16 46 77
61 11 86 19
15 3 22 98
85 1 93 96
87 1 88 96
14 32 49 65
46 19 53 53
8 26 29 55
86 69 91 76
10
38 61 55 70
25 5 40 98
2 52 29 53
55 17 77 81
15 45 50 54
95 4 99 99
29 10 53 67
53 19 76 80
53 48 92 60
73 1 87 55
10
41 1 41 96
56 56 66 61
27 2 39 97
13 4 18 99
19 64 41 70
2 39 37 72
12 4 18 99
23 36 54 45
36 95 63 96
16 53 33 55
10
60 32 74 91
2 2 14 97
26 30 41 46
53 56 72 88
56 9 69 98
48 48 62 78
61 35 93 63
72 48 89 72
74 3 77 98
31 3 45 79
10
60 4 71 99
33 5 63 53
83 4 87 99
11 7 46 35
43 3 44 93
51 45 84 63
18 62 57 84
19 26 42 45
44 68 75 78
22 1 24 96
10
74 38 88 98
66 5 74 85
40 16 78 24
3 37 16 89
44 31 78 35
17 5 31 98
59 58 95 64
54 81 82 90
15 26 53 39
54 35 87 73
10
65 4 67 99
1 48 38 59
64 63 98 97
2 25 25 72
47 1 64 85
80 1 89 96
25 46 44 87
55 4 59 99
3 65 36 67
68 59 92 66
10
7 11 37 49
15 81 33 97
56 43 90 81
22 36 50 63
21 46 58 81
81 1 82 96
72 53 74 70
24 39 62 71
12 8 15 66
22 38 50 86
10
58 2 96 34
56 34 84 82
1 2 12 97
12 22 29 92
21 2 27 97
2 29 25 82
10 32 13 76
35 32 70 35
32 2 42 97
5 16 27 46
10
41 59 54 87
16 7 52 38
81 1 85 96
63 4 69 99
51 2 66 97
44 50 72 76
32 3 32 98
39 1 52 84
21 4 24 99
5 68 11 89
10
77 12 98 44
18 67 42 83
12 1 17 96
40 4 45 99
47 51 62 74
60 20 99 36
64 2 74 97
64 1 64 96
59 54 98 66
66 3 75 98
10
34 2 37 97
19 13 40 43
80 57 95 76
79 23 98 72
59 23 75 90
34 58 71 98
32 26 62 73
88 39 99 79
46 34 73 37
44 2 44 97
10
22 50 54 58
55 20 73 98
41 40 80 76
3 4 19 82
36 79 73 83
88 4 96 99
58 2 66 97
49 44 78 67
58 26 92 64
5 40 29 62
10
75 2 97 65
10 72 15 78
51 45 82 87
97 2 98 97
81 3 89 98
23 13 37 95
40 16 79 35
16 21 35 79
25 64 63 68
85 2 94 97
10
2 70 23 80
1 8 15 87
17 64 39 72
72 59 86 62
17 41 56 56
46 39 69 76
35 27 68 29
74 3 89 98
20 24 47 79
38 40 71 65
10
92 1 94 96
54 87 87 88
21 76 39 92
26 19 42 42
37 43 75 75
56 50 86 81
51 93 90 99
38 24 66 73
49 20 63 88
2 37 27 53
10
72 3 76 98
2 58 33 83
57 27 90 66
37 6 52 51
54 86 79 86
82 1 93 64
60 58 95 71
23 1 30 95
41 3 41 98
18 4 25 99
10
26 57 42 88
58 9 80 35
66 30 76 87
36 67 62 89
18 20 38 52
6 7 43 11
23 12 55 57
32 24 35 72
28 53 67 84
53 51 74 93
10
16 18 44 58
27 16 36 81
52 40 74 98
44 2 50 97
21 54 45 66
24 40 51 92
79 5 92 82
38 14 44 74
49 35 74 43
70 5 75 92
10
73 5 77 15
8 1 21 96
75 4 76 99
19 58 55 89
34 4 41 99
67 37 81 98
9 4 16 99
88 24 93 60
65 18 81 45
76 4 83 99
10
60 22 63 93
14 63 40 86
7 13 29 28
33 8 44 96
79 28 98 80
47 48 64 95
18 81 42 86
93 3 94 98
47 75 86 75
51 73 74 85
10
82 64 93 87
35 70 56 71
45 5 61 97
24 69 61 90
48 22 66 50
27 14 29 71
59 2 75 86
54 18 85 23
91 1 98 96
73 3 79 98
10
33 56 33 56
88 3 88 3
79 72 79 72
29 80 29 80
18 64 18 64
34 89 34 89
67 97 67 97
13 49 13 49
82 87 82 87
69 43 69 43
10
9 20 48 54
62 61 90 78
60 60 87 71
22 1 33 96
21 55 53 81
87 47 88 86
24 8 32 12
33 13 50 91
59 2 70 11
29 7 57 36
10
17 13 36 55
52 4 60 99
18 33 49 38
38 31 46 92
58 24 80 41
42 19 74 66
41 44 67 57
28 35 62 67
55 2 58 97
38 75 77 81
10
26 16 51 60
51 3 56 98
42 17 56 70
40 2 45 97
91 2 91 97
42 90 53 94
47 48 83 90
2 3 12 98
28 7 56 20
37 1 55 75
10
18 15 27 23
59 19 72 27
75 14 85 74
52 38 91 54
59 58 75 74
6 26 39 52
60 3 62 98
53 52 88 76
62 17 84 25
37 1 40 96
10
18 1 38 60
84 7 98 98
8 3 16 98
23 54 47 62
78 6 92 92
24 84 55 98
72 41 80 71
28 2 47 71
18 57 33 68
51 32 82 73
10
74 27 98 82
58 21 80 79
69 5 85 98
81 9 95 28
13 2 14 97
53 5 75 45
18 1 19 96
75 24 83 68
24 27 33 85
25 2 50 50
10
52 1 63 96
67 2 67 97
92 4 99 99
61 5 97 43
47 1 52 96
57 66 74 95
9 19 48 24
45 50 62 52
22 3 24 98
45 82 80 86
10
69 1 73 96
83 1 84 96
12 40 50 42
44 4 47 99
36 1 40 96
19 31 39 56
2 1 21 47
49 28 68 81
24 4 25 99
41 43 77 44
10
67 10 85 87
57 3 75 15
73 12 80 89
5 16 18 79
74 3 88 18
3 33 18 46
27 1 58 20
15 31 37 98
21 62 59 79
38 31 61 64
10
2 1 6 96
74 88 85 97
34 3 65 38
52 19 90 31
49 43 70 59
55 2 57 97
34 23 53 95
3 19 26 44
6 11 25 77
63 44 92 88
10
47 10 64 95
20 1 20 96
35 9 51 98
64 51 87 76
51 54 76 58
32 51 66 94
4 67 28 79
36 15 49 88
65 14 82 59
23 6 42 79
10
74 3 80 63
10 50 22 75
65 6 85 66
59 5 94 30
3 54 34 54
81 1 94 96
29 3 38 98
65 49 85 58
58 13 70 71
84 15 96 46
10
17 1 22 96
19 27 47 54
18 19 45 74
3 2 13 97
38 4 45 99
17 15 36 89
25 4 31 99
8 53 42 60
48 62 80 87
22 75 32 99
10
16 17 53 33
17 68 33 90
44 56 77 85
6 27 26 95
35 1 36 86
20 52 59 55
84 3 88 98
26 17 61 31
36 3 51 33
14 18 42 59
10
57 17 93 34
76 3 80 65
44 50 83 55
81 8 95 99
69 34 90 70
12 44 48 79
44 3 50 98
42 16 76 51
15 13 27 72
55 19 94 51
3
2 2 4 2
5 1 5 1
2 3 2 4
